-0.082582	 -0.078523	 0.000000	 -0.002025	 -0.001147	 0.000000	 
-0.036140	 -0.096736	 0.000000	 -0.001324	 -0.001646	 0.000000	 
0.009037	 -0.126421	 0.000000	 -0.000647	 -0.002665	 0.000000	 
0.050262	 -0.144129	 0.000000	 0.000004	 -0.003654	 0.000000	 
0.091363	 -0.126364	 0.000000	 0.000653	 -0.002591	 0.000000	 
0.136201	 -0.096728	 0.000000	 0.001317	 -0.001586	 0.000000	 
0.182367	 -0.078842	 0.000000	 0.001989	 -0.001098	 0.000000	 
-0.098804	 -0.033052	 0.000000	 -0.002140	 -0.000688	 0.000000	 
-0.049162	 -0.046972	 0.000000	 -0.001468	 -0.001058	 0.000000	 
0.001350	 -0.065686	 0.000000	 -0.000721	 -0.001693	 0.000000	 
0.050103	 -0.079963	 0.000000	 0.000013	 -0.002603	 0.000000	 
0.098768	 -0.065623	 0.000000	 0.000745	 -0.001661	 0.000000	 
0.149093	 -0.047205	 0.000000	 0.001491	 -0.001093	 0.000000	 
0.198724	 -0.033318	 0.000000	 0.002061	 -0.000685	 0.000000	 
-0.125039	 0.011074	 0.000000	 -0.002329	 -0.000240	 0.000000	 
-0.066883	 0.003207	 0.000000	 -0.001698	 -0.000455	 0.000000	 
-0.007818	 -0.006302	 0.000000	 -0.000826	 -0.000774	 0.000000	 
0.050123	 -0.013215	 0.000000	 -0.000004	 -0.001326	 0.000000	 
0.108059	 -0.006313	 0.000000	 0.000813	 -0.000760	 0.000000	 
0.166917	 0.002939	 0.000000	 0.001680	 -0.000486	 0.000000	 
0.224763	 0.010961	 0.000000	 0.002260	 -0.000263	 0.000000	 
-0.137431	 0.050219	 0.000000	 -0.002227	 0.000049	 0.000000	 
-0.075546	 0.050448	 0.000000	 -0.001590	 0.000031	 0.000000	 
-0.011128	 0.050553	 0.000000	 -0.000754	 0.000004	 0.000000	 
0.050066	 0.050100	 0.000000	 -0.000031	 0.000014	 0.000000	 
0.111220	 0.050389	 0.000000	 0.000746	 0.000018	 0.000000	 
0.175465	 0.050167	 0.000000	 0.001641	 -0.000014	 0.000000	 
0.237114	 0.050148	 0.000000	 0.002182	 0.000026	 0.000000	 
-0.124047	 0.089455	 0.000000	 -0.002316	 0.000302	 0.000000	 
-0.065876	 0.097747	 0.000000	 -0.001686	 0.000468	 0.000000	 
-0.007201	 0.107448	 0.000000	 -0.000822	 0.000799	 0.000000	 
0.049994	 0.113230	 0.000000	 0.000002	 0.001284	 0.000000	 
0.107213	 0.107210	 0.000000	 0.000860	 0.000771	 0.000000	 
0.165912	 0.097373	 0.000000	 0.001718	 0.000409	 0.000000	 
0.224050	 0.089286	 0.000000	 0.002345	 0.000278	 0.000000	 
-0.097442	 0.133727	 0.000000	 -0.002053	 0.000739	 0.000000	 
-0.048199	 0.147914	 0.000000	 -0.001423	 0.001056	 0.000000	 
0.001841	 0.166687	 0.000000	 -0.000696	 0.001693	 0.000000	 
0.049921	 0.179797	 0.000000	 -0.000024	 0.002638	 0.000000	 
0.098055	 0.166541	 0.000000	 0.000688	 0.001708	 0.000000	 
0.148218	 0.147551	 0.000000	 0.001398	 0.001025	 0.000000	 
0.197465	 0.133421	 0.000000	 0.002057	 0.000727	 0.000000	 
-0.081219	 0.179295	 0.000000	 -0.001947	 0.001172	 0.000000	 
-0.035440	 0.197486	 0.000000	 -0.001279	 0.001711	 0.000000	 
0.009129	 0.226932	 0.000000	 -0.000563	 0.002766	 0.000000	 
0.049898	 0.244227	 0.000000	 -0.000000	 0.003843	 0.000000	 
0.090688	 0.226907	 0.000000	 0.000633	 0.002777	 0.000000	 
0.135465	 0.197297	 0.000000	 0.001291	 0.001673	 0.000000	 
0.181481	 0.178930	 0.000000	 0.001986	 0.001157	 0.000000	 
-0.085142	 -0.080492	 0.004876	 -0.002101	 -0.001136	 -0.000093	 
-0.037995	 -0.099664	 0.004531	 -0.001374	 -0.001665	 -0.000133	 
0.007678	 -0.124674	 0.003837	 -0.000668	 -0.002626	 -0.000157	 
0.050238	 -0.141006	 0.003617	 0.000004	 -0.003608	 -0.000122	 
0.092710	 -0.124646	 0.003840	 0.000681	 -0.002538	 -0.000125	 
0.138103	 -0.099701	 0.004580	 0.001370	 -0.001612	 -0.000117	 
0.184939	 -0.080786	 0.004900	 0.002068	 -0.001094	 -0.000137	 
-0.101809	 -0.034472	 0.004651	 -0.002186	 -0.000676	 -0.000081	 
-0.051411	 -0.049153	 0.004035	 -0.001497	 -0.001069	 -0.000075	 
-0.000267	 -0.065302	 0.003234	 -0.000747	 -0.001665	 -0.000093	 
0.050105	 -0.079457	 0.002889	 0.000010	 -0.002577	 -0.000092	 
0.100404	 -0.065262	 0.003243	 0.000760	 -0.001639	 -0.000103	 
0.151362	 -0.049388	 0.004054	 0.001517	 -0.001094	 -0.000098	 
0.201709	 -0.034704	 0.004639	 0.002105	 -0.000670	 -0.000097	 
-0.123402	 0.009923	 0.004177	 -0.002316	 -0.000240	 -0.000037	 
-0.066565	 0.001651	 0.003387	 -0.001698	 -0.000470	 -0.000071	 
-0.007988	 -0.006545	 0.002785	 -0.000828	 -0.000776	 -0.000088	 
0.050123	 -0.013610	 0.002444	 -0.000005	 -0.001325	 -0.000088	 
0.108229	 -0.006580	 0.002794	 0.000808	 -0.000755	 -0.000085	 
0.166595	 0.001387	 0.003404	 0.001680	 -0.000490	 -0.000084	 
0.223112	 0.009798	 0.004196	 0.002235	 -0.000245	 -0.000063	 
-0.134461	 0.050238	 0.003952	 -0.002181	 0.000037	 -0.000062	 
-0.075118	 0.050474	 0.003097	 -0.001585	 0.000029	 -0.000068	 
-0.011467	 0.050517	 0.002566	 -0.000768	 0.000001	 -0.000093	 
0.050071	 0.050159	 0.002492	 -0.000025	 0.000009	 -0.000099	 
0.111573	 0.050341	 0.002574	 0.000713	 0.000014	 -0.000077	 
0.175041	 0.050197	 0.003113	 0.001625	 -0.000012	 -0.000062	 
0.234146	 0.050143	 0.003968	 0.002144	 0.000020	 -0.000055	 
-0.122387	 0.090665	 0.004179	 -0.002315	 0.000289	 -0.000078	 
-0.065505	 0.099350	 0.003403	 -0.001682	 0.000485	 -0.000062	 
-0.007383	 0.107604	 0.002817	 -0.000831	 0.000795	 -0.000101	 
0.050002	 0.113697	 0.002488	 0.000003	 0.001297	 -0.000042	 
0.107416	 0.107358	 0.002818	 0.000863	 0.000766	 -0.000073	 
0.165540	 0.098995	 0.003409	 0.001712	 0.000428	 -0.000056	 
0.222374	 0.090493	 0.004184	 0.002330	 0.000268	 -0.000072	 
-0.100394	 0.135234	 0.004690	 -0.002099	 0.000744	 -0.000095	 
-0.050416	 0.150105	 0.004082	 -0.001446	 0.001073	 -0.000034	 
0.000231	 0.166236	 0.003284	 -0.000726	 0.001673	 -0.000101	 
0.049927	 0.179324	 0.002924	 -0.000021	 0.002622	 -0.000112	 
0.099671	 0.166081	 0.003272	 0.000707	 0.001678	 -0.000062	 
0.150434	 0.149761	 0.004066	 0.001430	 0.001045	 -0.000040	 
0.200441	 0.134950	 0.004696	 0.002090	 0.000716	 -0.000077	 
-0.083705	 0.181360	 0.004945	 -0.002031	 0.001172	 -0.000127	 
-0.037248	 0.200445	 0.004617	 -0.001319	 0.001722	 -0.000115	 
0.007829	 0.225132	 0.003906	 -0.000597	 0.002711	 -0.000144	 
0.049910	 0.241220	 0.003634	 -0.000006	 0.003794	 -0.000106	 
0.091991	 0.225098	 0.003897	 0.000655	 0.002723	 -0.000048	 
0.137256	 0.200248	 0.004571	 0.001349	 0.001691	 -0.000128	 
0.183972	 0.181000	 0.004916	 0.002067	 0.001152	 -0.000123	 
-0.085840	 -0.080203	 0.009757	 -0.002128	 -0.001110	 -0.000197	 
-0.037985	 -0.100355	 0.008874	 -0.001377	 -0.001694	 -0.000220	 
0.008155	 -0.123600	 0.007621	 -0.000652	 -0.002638	 -0.000215	 
0.050138	 -0.137767	 0.007272	 0.000006	 -0.003568	 -0.000233	 
0.092049	 -0.123533	 0.007621	 0.000637	 -0.002546	 -0.000253	 
0.138090	 -0.100456	 0.008944	 0.001371	 -0.001636	 -0.000233	 
0.185967	 -0.080199	 0.009803	 0.002101	 -0.001078	 -0.000230	 
-0.102597	 -0.034339	 0.009186	 -0.002198	 -0.000650	 -0.000176	 
-0.051436	 -0.048759	 0.007888	 -0.001517	 -0.001067	 -0.000192	 
-0.000045	 -0.064108	 0.006415	 -0.000749	 -0.001644	 -0.000203	 
0.050086	 -0.076807	 0.005756	 0.000009	 -0.002569	 -0.000191	 
0.100188	 -0.064068	 0.006430	 0.000765	 -0.001631	 -0.000200	 
0.151460	 -0.048920	 0.007922	 0.001532	 -0.001085	 -0.000196	 
0.202462	 -0.034557	 0.009186	 0.002129	 -0.000659	 -0.000185	 
-0.122177	 0.009807	 0.008293	 -0.002302	 -0.000255	 -0.000134	 
-0.065252	 0.001945	 0.006718	 -0.001681	 -0.000478	 -0.000159	 
-0.007100	 -0.005807	 0.005581	 -0.000811	 -0.000770	 -0.000141	 
0.050105	 -0.011795	 0.004926	 -0.000010	 -0.001314	 -0.000152	 
0.107297	 -0.005876	 0.005598	 0.000802	 -0.000752	 -0.000175	 
0.165297	 0.001715	 0.006753	 0.001667	 -0.000506	 -0.000163	 
0.221986	 0.009549	 0.008332	 0.002232	 -0.000276	 -0.000130	 
-0.131352	 0.050060	 0.007905	 -0.002177	 0.000031	 -0.000098	 
-0.072520	 0.050500	 0.006160	 -0.001576	 0.000028	 -0.000119	 
-0.009923	 0.050442	 0.005168	 -0.000764	 -0.000003	 -0.000114	 
0.050076	 0.050209	 0.005046	 -0.000026	 0.000014	 -0.000139	 
0.110041	 0.050251	 0.005183	 0.000769	 0.000013	 -0.000157	 
0.172440	 0.050214	 0.006193	 0.001618	 -0.000006	 -0.000122	 
0.231022	 0.049827	 0.007939	 0.002154	 0.000007	 -0.000116	 
-0.120994	 0.090503	 0.008287	 -0.002302	 0.000296	 -0.000134	 
-0.064172	 0.099164	 0.006754	 -0.001665	 0.000498	 -0.000152	 
-0.006592	 0.106724	 0.005644	 -0.000822	 0.000787	 -0.000140	 
0.050007	 0.112002	 0.005013	 0.000005	 0.001287	 -0.000140	 
0.106627	 0.106474	 0.005646	 0.000859	 0.000753	 -0.000150	 
0.164210	 0.098837	 0.006764	 0.001691	 0.000439	 -0.000141	 
0.220992	 0.090180	 0.008297	 0.002311	 0.000269	 -0.000148	 
-0.101163	 0.135194	 0.009228	 -0.002137	 0.000730	 -0.000167	 
-0.050324	 0.149912	 0.007982	 -0.001457	 0.001073	 -0.000175	 
0.000420	 0.164952	 0.006513	 -0.000736	 0.001657	 -0.000203	 
0.049942	 0.176672	 0.005824	 -0.000013	 0.002596	 -0.000192	 
0.099475	 0.164792	 0.006492	 0.000716	 0.001663	 -0.000168	 
0.150283	 0.149648	 0.007952	 0.001447	 0.001047	 -0.000166	 
0.201245	 0.134872	 0.009225	 0.002125	 0.000700	 -0.000205	 
-0.083962	 0.181616	 0.009890	 -0.002012	 0.001172	 -0.000196	 
-0.037088	 0.201204	 0.009063	 -0.001308	 0.001745	 -0.000273	 
0.008230	 0.224021	 0.007753	 -0.000599	 0.002711	 -0.000197	 
0.049968	 0.237823	 0.007289	 0.000001	 0.003742	 -0.000174	 
0.091722	 0.223997	 0.007737	 0.000635	 0.002722	 -0.000183	 
0.137115	 0.201010	 0.008990	 0.001318	 0.001718	 -0.000250	 
0.184014	 0.181448	 0.009834	 0.002039	 0.001156	 -0.000245	 
-0.087523	 -0.081845	 0.014716	 -0.002182	 -0.001147	 -0.000350	 
-0.038636	 -0.103172	 0.013175	 -0.001429	 -0.001726	 -0.000319	 
0.007887	 -0.121930	 0.011417	 -0.000661	 -0.002646	 -0.000292	 
0.050088	 -0.136393	 0.011002	 0.000008	 -0.003546	 -0.000360	 
0.092263	 -0.121827	 0.011422	 0.000646	 -0.002526	 -0.000375	 
0.138745	 -0.103277	 0.013248	 0.001427	 -0.001672	 -0.000359	 
0.187578	 -0.081932	 0.014776	 0.002125	 -0.001123	 -0.000254	 
-0.105533	 -0.034548	 0.013734	 -0.002236	 -0.000653	 -0.000263	 
-0.053707	 -0.050649	 0.011800	 -0.001575	 -0.001062	 -0.000288	 
-0.001299	 -0.063478	 0.009628	 -0.000777	 -0.001619	 -0.000261	 
0.050070	 -0.076292	 0.008655	 0.000011	 -0.002584	 -0.000290	 
0.101433	 -0.063453	 0.009650	 0.000787	 -0.001616	 -0.000299	 
0.153749	 -0.050796	 0.011850	 0.001578	 -0.001078	 -0.000294	 
0.205403	 -0.034747	 0.013761	 0.002171	 -0.000673	 -0.000271	 
-0.120497	 0.009615	 0.012392	 -0.002280	 -0.000285	 -0.000165	 
-0.064548	 0.000857	 0.010090	 -0.001673	 -0.000477	 -0.000226	 
-0.007129	 -0.005950	 0.008444	 -0.000805	 -0.000787	 -0.000239	 
0.050099	 -0.011630	 0.007471	 -0.000011	 -0.001309	 -0.000248	 
0.107308	 -0.006031	 0.008470	 0.000800	 -0.000763	 -0.000268	 
0.164586	 0.000635	 0.010141	 0.001665	 -0.000510	 -0.000247	 
0.220355	 0.009337	 0.012445	 0.002182	 -0.000299	 -0.000190	 
-0.129899	 0.050042	 0.011882	 -0.002176	 0.000028	 -0.000170	 
-0.071986	 0.050524	 0.009264	 -0.001600	 0.000024	 -0.000190	 
-0.009907	 0.050404	 0.007833	 -0.000802	 -0.000008	 -0.000176	 
0.050080	 0.050225	 0.007690	 -0.000023	 0.000015	 -0.000234	 
0.110034	 0.050215	 0.007856	 0.000799	 0.000014	 -0.000237	 
0.171909	 0.050244	 0.009314	 0.001639	 -0.000001	 -0.000189	 
0.229574	 0.049726	 0.011935	 0.002153	 0.000008	 -0.000183	 
-0.119314	 0.090771	 0.012389	 -0.002262	 0.000324	 -0.000216	 
-0.063486	 0.100356	 0.010149	 -0.001675	 0.000505	 -0.000224	 
-0.006662	 0.106788	 0.008536	 -0.000824	 0.000778	 -0.000228	 
0.049998	 0.111888	 0.007597	 0.000006	 0.001295	 -0.000236	 
0.106691	 0.106537	 0.008540	 0.000861	 0.000746	 -0.000237	 
0.163529	 0.100058	 0.010161	 0.001691	 0.000438	 -0.000218	 
0.219281	 0.090395	 0.012406	 0.002271	 0.000295	 -0.000211	 
-0.103969	 0.135487	 0.013747	 -0.002149	 0.000727	 -0.000265	 
-0.052458	 0.151909	 0.011946	 -0.001510	 0.001082	 -0.000271	 
-0.000767	 0.164301	 0.009774	 -0.000756	 0.001638	 -0.000262	 
0.049956	 0.176105	 0.008760	 -0.000005	 0.002614	 -0.000298	 
0.100674	 0.164112	 0.009744	 0.000737	 0.001646	 -0.000279	 
0.152408	 0.151678	 0.011900	 0.001498	 0.001062	 -0.000275	 
0.204045	 0.135145	 0.013723	 0.002150	 0.000694	 -0.000266	 
-0.085614	 0.183244	 0.014899	 -0.002080	 0.001218	 -0.000333	 
-0.037618	 0.204122	 0.013498	 -0.001353	 0.001770	 -0.000336	 
0.008028	 0.222404	 0.011605	 -0.000620	 0.002706	 -0.000289	 
0.050013	 0.236251	 0.011011	 0.000021	 0.003710	 -0.000327	 
0.091980	 0.222384	 0.011576	 0.000645	 0.002706	 -0.000298	 
0.137658	 0.203960	 0.013410	 0.001370	 0.001754	 -0.000369	 
0.185708	 0.183026	 0.014818	 0.002090	 0.001199	 -0.000386	 
-0.094928	 -0.088605	 0.020088	 -0.002295	 -0.001159	 -0.000460	 
-0.046061	 -0.103329	 0.017719	 -0.001541	 -0.001641	 -0.000445	 
0.003242	 -0.118229	 0.015143	 -0.000729	 -0.002446	 -0.000400	 
0.050086	 -0.138189	 0.014589	 0.000010	 -0.003643	 -0.000471	 
0.096885	 -0.118126	 0.015157	 0.000727	 -0.002408	 -0.000500	 
0.146175	 -0.103441	 0.017797	 0.001556	 -0.001628	 -0.000465	 
0.195029	 -0.088650	 0.020160	 0.002245	 -0.001119	 -0.000344	 
-0.106654	 -0.041796	 0.018437	 -0.002304	 -0.000741	 -0.000353	 
-0.055796	 -0.052439	 0.015639	 -0.001631	 -0.001090	 -0.000383	 
-0.003176	 -0.062146	 0.012754	 -0.000816	 -0.001570	 -0.000362	 
0.050067	 -0.076932	 0.011421	 0.000013	 -0.002591	 -0.000385	 
0.103296	 -0.062126	 0.012783	 0.000817	 -0.001579	 -0.000396	 
0.155817	 -0.052592	 0.015702	 0.001633	 -0.001100	 -0.000395	 
0.206552	 -0.041972	 0.018488	 0.002246	 -0.000738	 -0.000376	 
-0.117837	 0.005143	 0.016396	 -0.002289	 -0.000370	 -0.000246	 
-0.063398	 -0.000801	 0.013347	 -0.001635	 -0.000512	 -0.000308	 
-0.006737	 -0.005847	 0.011261	 -0.000806	 -0.000803	 -0.000265	 
0.050095	 -0.011580	 0.009975	 0.000001	 -0.001305	 -0.000317	 
0.106908	 -0.005926	 0.011294	 0.000801	 -0.000804	 -0.000345	 
0.163453	 -0.000996	 0.013412	 0.001638	 -0.000538	 -0.000302	 
0.217726	 0.004836	 0.016465	 0.002206	 -0.000384	 -0.000268	 
-0.131755	 0.050175	 0.015716	 -0.002330	 0.000014	 -0.000228	 
-0.072519	 0.050606	 0.012232	 -0.001631	 0.000019	 -0.000257	 
-0.009823	 0.050324	 0.010455	 -0.000798	 -0.000006	 -0.000266	 
0.050072	 0.050382	 0.010282	 -0.000020	 0.000007	 -0.000325	 
0.109937	 0.050137	 0.010485	 0.000796	 -0.000001	 -0.000319	 
0.172442	 0.050350	 0.012298	 0.001659	 0.000001	 -0.000251	 
0.231410	 0.049803	 0.015787	 0.002313	 0.000010	 -0.000243	 
-0.116439	 0.095486	 0.016404	 -0.002253	 0.000407	 -0.000302	 
-0.062150	 0.102065	 0.013427	 -0.001619	 0.000536	 -0.000303	 
-0.006286	 0.106499	 0.011379	 -0.000805	 0.000830	 -0.000312	 
0.049994	 0.111980	 0.010144	 0.000009	 0.001308	 -0.000329	 
0.106301	 0.106251	 0.011383	 0.000831	 0.000807	 -0.000323	 
0.162171	 0.101821	 0.013439	 0.001644	 0.000482	 -0.000298	 
0.216447	 0.095083	 0.016421	 0.002275	 0.000384	 -0.000293	 
-0.104786	 0.142283	 0.018430	 -0.002191	 0.000840	 -0.000358	 
-0.054258	 0.153778	 0.015820	 -0.001582	 0.001110	 -0.000371	 
-0.002467	 0.163144	 0.012944	 -0.000783	 0.001594	 -0.000364	 
0.049964	 0.176696	 0.011563	 0.000003	 0.002607	 -0.000398	 
0.102384	 0.162961	 0.012906	 0.000771	 0.001602	 -0.000377	 
0.154210	 0.153563	 0.015760	 0.001561	 0.001092	 -0.000379	 
0.204855	 0.141966	 0.018376	 0.002203	 0.000802	 -0.000376	 
-0.092809	 0.189389	 0.020311	 -0.002137	 0.001251	 -0.000469	 
-0.044877	 0.204579	 0.018162	 -0.001436	 0.001695	 -0.000471	 
0.003731	 0.219205	 0.015404	 -0.000677	 0.002541	 -0.000431	 
0.050049	 0.238264	 0.014609	 0.000037	 0.003783	 -0.000432	 
0.096335	 0.219116	 0.015361	 0.000692	 0.002523	 -0.000429	 
0.144955	 0.204435	 0.018054	 0.001457	 0.001662	 -0.000482	 
0.192953	 0.189237	 0.020199	 0.002164	 0.001235	 -0.000533	 
-0.097026	 -0.089938	 0.024565	 -0.002345	 -0.001134	 -0.000526	 
-0.051288	 -0.090511	 0.021554	 -0.001611	 -0.001536	 -0.000550	 
-0.002894	 -0.091255	 0.017869	 -0.000791	 -0.002098	 -0.000516	 
0.050066	 -0.109290	 0.016444	 -0.000006	 -0.003333	 -0.000538	 
0.102975	 -0.091195	 0.017900	 0.000828	 -0.001968	 -0.000518	 
0.151319	 -0.090635	 0.021627	 0.001634	 -0.001532	 -0.000552	 
0.197069	 -0.089967	 0.024642	 0.002288	 -0.001109	 -0.000406	 
-0.094870	 -0.046704	 0.022248	 -0.002199	 -0.000834	 -0.000465	 
-0.049899	 -0.046131	 0.018880	 -0.001569	 -0.001066	 -0.000482	 
-0.001486	 -0.048150	 0.015626	 -0.000804	 -0.001438	 -0.000441	 
0.050057	 -0.060600	 0.013766	 0.000009	 -0.002367	 -0.000461	 
0.101569	 -0.048142	 0.015662	 0.000789	 -0.001422	 -0.000482	 
0.149912	 -0.046265	 0.018948	 0.001557	 -0.001075	 -0.000494	 
0.194826	 -0.046858	 0.022321	 0.002151	 -0.000859	 -0.000455	 
-0.091864	 -0.000809	 0.019020	 -0.002072	 -0.000456	 -0.000389	 
-0.049265	 0.000980	 0.016201	 -0.001494	 -0.000529	 -0.000387	 
-0.000898	 -0.000382	 0.014251	 -0.000747	 -0.000770	 -0.000368	 
0.050075	 -0.005331	 0.012878	 0.000000	 -0.001222	 -0.000392	 
0.101020	 -0.000458	 0.014287	 0.000719	 -0.000761	 -0.000359	 
0.149294	 0.000811	 0.016272	 0.001437	 -0.000564	 -0.000423	 
0.191808	 -0.001049	 0.019099	 0.002022	 -0.000488	 -0.000363	 
-0.103549	 0.050106	 0.017618	 -0.002182	 0.000013	 -0.000313	 
-0.056575	 0.050665	 0.014746	 -0.001526	 0.000014	 -0.000335	 
-0.003904	 0.050120	 0.013449	 -0.000798	 -0.000012	 -0.000357	 
0.050061	 0.050432	 0.013183	 -0.000015	 0.000005	 -0.000417	 
0.103993	 0.049942	 0.013485	 0.000745	 -0.000007	 -0.000369	 
0.156516	 0.050455	 0.014818	 0.001539	 -0.000005	 -0.000345	 
0.203378	 0.049794	 0.017705	 0.002198	 0.000001	 -0.000306	 
-0.090774	 0.101073	 0.019069	 -0.002036	 0.000487	 -0.000398	 
-0.048212	 0.100414	 0.016324	 -0.001491	 0.000543	 -0.000387	 
-0.000638	 0.100599	 0.014389	 -0.000773	 0.000756	 -0.000406	 
0.050008	 0.106008	 0.013080	 0.000009	 0.001233	 -0.000431	 
0.100688	 0.100353	 0.014398	 0.000780	 0.000737	 -0.000410	 
0.148280	 0.100201	 0.016341	 0.001502	 0.000496	 -0.000389	 
0.190853	 0.100787	 0.019087	 0.002053	 0.000459	 -0.000386	 
-0.091987	 0.147230	 0.022254	 -0.002085	 0.000884	 -0.000461	 
-0.047852	 0.147967	 0.019084	 -0.001533	 0.001074	 -0.000467	 
-0.000676	 0.148758	 0.015830	 -0.000787	 0.001452	 -0.000458	 
0.049964	 0.160522	 0.014015	 0.000003	 0.002388	 -0.000497	 
0.100600	 0.148552	 0.015797	 0.000780	 0.001458	 -0.000473	 
0.147808	 0.147788	 0.019025	 0.001512	 0.001068	 -0.000484	 
0.192023	 0.147008	 0.022179	 0.002079	 0.000877	 -0.000477	 
-0.094538	 0.190656	 0.024827	 -0.002185	 0.001259	 -0.000555	 
-0.049453	 0.192600	 0.022002	 -0.001496	 0.001617	 -0.000562	 
-0.002118	 0.191869	 0.018135	 -0.000762	 0.002149	 -0.000527	 
0.050003	 0.209103	 0.016539	 0.000017	 0.003410	 -0.000533	 
0.102082	 0.191730	 0.018082	 0.000753	 0.002109	 -0.000534	 
0.149515	 0.192517	 0.021892	 0.001527	 0.001584	 -0.000553	 
0.194696	 0.190569	 0.024691	 0.002212	 0.001210	 -0.000569	 
-0.067140	 -0.059757	 0.026346	 -0.001912	 -0.001159	 -0.000642	 
-0.027850	 -0.079582	 0.023819	 -0.001317	 -0.001552	 -0.000681	 
0.011905	 -0.112599	 0.022329	 -0.000625	 -0.002517	 -0.000664	 
0.050032	 -0.130664	 0.021428	 -0.000003	 -0.003850	 -0.000612	 
0.088120	 -0.112501	 0.022350	 0.000600	 -0.002529	 -0.000537	 
0.127836	 -0.079613	 0.023878	 0.001279	 -0.001553	 -0.000587	 
0.167076	 -0.059949	 0.026428	 0.001887	 -0.001208	 -0.000545	 
-0.083434	 -0.021965	 0.024826	 -0.001965	 -0.000712	 -0.000565	 
-0.037046	 -0.033671	 0.021671	 -0.001341	 -0.001011	 -0.000564	 
0.008694	 -0.056625	 0.019541	 -0.000646	 -0.001704	 -0.000573	 
0.050032	 -0.065727	 0.017595	 -0.000008	 -0.002506	 -0.000571	 
0.091350	 -0.056592	 0.019576	 0.000644	 -0.001683	 -0.000645	 
0.137057	 -0.033765	 0.021744	 0.001328	 -0.000997	 -0.000550	 
0.183381	 -0.022224	 0.024918	 0.001948	 -0.000734	 -0.000465	 
-0.111383	 0.014376	 0.023955	 -0.002329	 -0.000292	 -0.000472	 
-0.055666	 0.011095	 0.020399	 -0.001534	 -0.000461	 -0.000485	 
-0.001072	 -0.001368	 0.017834	 -0.000738	 -0.000799	 -0.000489	 
0.050065	 -0.005394	 0.016137	 -0.000006	 -0.001231	 -0.000539	 
0.101192	 -0.001443	 0.017882	 0.000733	 -0.000791	 -0.000484	 
0.155699	 0.010910	 0.020487	 0.001524	 -0.000463	 -0.000454	 
0.211263	 0.014041	 0.024052	 0.002327	 -0.000315	 -0.000395	 
-0.124244	 0.049072	 0.022994	 -0.002538	 0.000032	 -0.000400	 
-0.061529	 0.050678	 0.018898	 -0.001632	 0.000016	 -0.000428	 
-0.003553	 0.049890	 0.016859	 -0.000773	 -0.000006	 -0.000461	 
0.050067	 0.050413	 0.016392	 -0.000017	 0.000004	 -0.000529	 
0.103656	 0.049705	 0.016907	 0.000740	 -0.000009	 -0.000439	 
0.161474	 0.050460	 0.018987	 0.001652	 -0.000012	 -0.000425	 
0.223978	 0.048719	 0.023088	 0.002562	 0.000009	 -0.000386	 
-0.111389	 0.085101	 0.023983	 -0.002307	 0.000327	 -0.000487	 
-0.055730	 0.090421	 0.020571	 -0.001550	 0.000453	 -0.000484	 
-0.001373	 0.100851	 0.018006	 -0.000751	 0.000796	 -0.000523	 
0.050010	 0.105882	 0.016369	 0.000006	 0.001222	 -0.000552	 
0.101422	 0.100605	 0.018016	 0.000762	 0.000775	 -0.000526	 
0.155811	 0.090190	 0.020602	 0.001572	 0.000401	 -0.000482	 
0.211485	 0.084803	 0.024035	 0.002375	 0.000327	 -0.000467	 
-0.080242	 0.124183	 0.024838	 -0.001885	 0.000739	 -0.000550	 
-0.034748	 0.135692	 0.021898	 -0.001317	 0.001028	 -0.000562	 
0.009740	 0.156022	 0.019767	 -0.000626	 0.001695	 -0.000604	 
0.049970	 0.165817	 0.017925	 -0.000000	 0.002519	 -0.000647	 
0.090196	 0.155870	 0.019732	 0.000613	 0.001712	 -0.000616	 
0.134712	 0.135525	 0.021849	 0.001309	 0.001008	 -0.000591	 
0.180292	 0.124029	 0.024800	 0.001890	 0.000742	 -0.000555	 
-0.062477	 0.163915	 0.026569	 -0.001785	 0.001262	 -0.000632	 
-0.024406	 0.182180	 0.024190	 -0.001219	 0.001601	 -0.000681	 
0.013464	 0.212558	 0.022557	 -0.000561	 0.002538	 -0.000710	 
0.050012	 0.230903	 0.021538	 0.000030	 0.003850	 -0.000691	 
0.086578	 0.212563	 0.022520	 0.000569	 0.002552	 -0.000711	 
0.124504	 0.182096	 0.024102	 0.001236	 0.001609	 -0.000686	 
0.162630	 0.163840	 0.026474	 0.001799	 0.001258	 -0.000650	 
-0.087549	 -0.072303	 0.035808	 -0.002382	 -0.000997	 -0.000759	 
-0.038967	 -0.090748	 0.030875	 -0.001659	 -0.001561	 -0.000871	 
0.006567	 -0.102021	 0.026449	 -0.000795	 -0.002290	 -0.000797	 
0.049998	 -0.113764	 0.024299	 -0.000007	 -0.003578	 -0.000754	 
0.093396	 -0.101915	 0.026481	 0.000756	 -0.002300	 -0.000727	 
0.138844	 -0.090850	 0.030943	 0.001618	 -0.001581	 -0.000730	 
0.187265	 -0.072715	 0.035905	 0.002450	 -0.001088	 -0.000801	 
-0.097785	 -0.029299	 0.032258	 -0.002190	 -0.000697	 -0.000725	 
-0.048361	 -0.042972	 0.027914	 -0.001534	 -0.001054	 -0.000720	 
0.000958	 -0.051949	 0.023710	 -0.000746	 -0.001521	 -0.000697	 
0.050019	 -0.061404	 0.020844	 -0.000022	 -0.002441	 -0.000686	 
0.099072	 -0.051928	 0.023760	 0.000740	 -0.001514	 -0.000684	 
0.148324	 -0.043117	 0.028002	 0.001502	 -0.001042	 -0.000662	 
0.197592	 -0.029683	 0.032363	 0.002192	 -0.000686	 -0.000616	 
-0.100997	 0.010850	 0.028360	 -0.002172	 -0.000319	 -0.000599	 
-0.052072	 0.003665	 0.024646	 -0.001529	 -0.000536	 -0.000608	 
-0.001608	 -0.001899	 0.021347	 -0.000755	 -0.000778	 -0.000607	 
0.050064	 -0.005710	 0.019334	 -0.000004	 -0.001230	 -0.000661	 
0.101725	 -0.001969	 0.021404	 0.000730	 -0.000777	 -0.000587	 
0.152089	 0.003484	 0.024746	 0.001508	 -0.000541	 -0.000579	 
0.200869	 0.010520	 0.028462	 0.002151	 -0.000346	 -0.000543	 
-0.106736	 0.049957	 0.026183	 -0.002248	 0.000013	 -0.000527	 
-0.056798	 0.050696	 0.022385	 -0.001557	 0.000021	 -0.000526	 
-0.003626	 0.049658	 0.020195	 -0.000766	 -0.000011	 -0.000564	 
0.050061	 0.050327	 0.019481	 -0.000017	 -0.000001	 -0.000646	 
0.103718	 0.049490	 0.020252	 0.000736	 -0.000020	 -0.000557	 
0.156758	 0.050483	 0.022488	 0.001584	 -0.000028	 -0.000524	 
0.206540	 0.049666	 0.026288	 0.002281	 -0.000014	 -0.000498	 
-0.100898	 0.090021	 0.028327	 -0.002168	 0.000336	 -0.000592	 
-0.051902	 0.098026	 0.024835	 -0.001535	 0.000529	 -0.000609	 
-0.002047	 0.101067	 0.021527	 -0.000783	 0.000758	 -0.000636	 
0.050016	 0.106010	 0.019570	 0.000008	 0.001230	 -0.000674	 
0.102093	 0.100835	 0.021538	 0.000776	 0.000757	 -0.000636	 
0.151957	 0.097815	 0.024849	 0.001560	 0.000501	 -0.000611	 
0.200897	 0.089800	 0.028355	 0.002228	 0.000335	 -0.000594	 
-0.091515	 0.133398	 0.032036	 -0.002033	 0.000780	 -0.000705	 
-0.044195	 0.146516	 0.028185	 -0.001464	 0.001102	 -0.000723	 
0.002246	 0.151579	 0.024045	 -0.000734	 0.001518	 -0.000719	 
0.049982	 0.160949	 0.021241	 -0.000002	 0.002448	 -0.000776	 
0.097732	 0.151413	 0.023996	 0.000741	 0.001541	 -0.000738	 
0.144207	 0.146361	 0.028099	 0.001467	 0.001110	 -0.000745	 
0.191546	 0.133279	 0.031951	 0.002041	 0.000790	 -0.000720	 
-0.077809	 0.180232	 0.035785	 -0.002134	 0.001257	 -0.000774	 
-0.033485	 0.195717	 0.031434	 -0.001495	 0.001670	 -0.000874	 
0.008591	 0.201949	 0.026886	 -0.000753	 0.002348	 -0.000835	 
0.050024	 0.213373	 0.024576	 0.000014	 0.003526	 -0.000850	 
0.091524	 0.201887	 0.026820	 0.000758	 0.002343	 -0.000834	 
0.133762	 0.195623	 0.031295	 0.001541	 0.001681	 -0.000894	 
0.178126	 0.180123	 0.035628	 0.002161	 0.001198	 -0.000759	 
-0.083840	 -0.068229	 0.039598	 -0.002313	 -0.001013	 -0.000886	 
-0.037242	 -0.084444	 0.034458	 -0.001653	 -0.001605	 -0.000938	 
0.006551	 -0.095423	 0.030469	 -0.000810	 -0.002352	 -0.000941	 
0.049975	 -0.107529	 0.028070	 -0.000014	 -0.003553	 -0.000924	 
0.093382	 -0.095317	 0.030511	 0.000796	 -0.002338	 -0.000906	 
0.137065	 -0.084547	 0.034534	 0.001604	 -0.001592	 -0.000844	 
0.183501	 -0.068634	 0.039700	 0.002251	 -0.001024	 -0.000921	 
-0.088197	 -0.027726	 0.035810	 -0.002121	 -0.000736	 -0.000817	 
-0.044411	 -0.038836	 0.031458	 -0.001497	 -0.001054	 -0.000832	 
0.001984	 -0.046921	 0.027216	 -0.000760	 -0.001512	 -0.000811	 
0.050003	 -0.056265	 0.024132	 -0.000026	 -0.002390	 -0.000828	 
0.097994	 -0.046895	 0.027270	 0.000739	 -0.001511	 -0.000797	 
0.144317	 -0.038984	 0.031552	 0.001488	 -0.001058	 -0.000782	 
0.188050	 -0.028084	 0.035924	 0.002081	 -0.000742	 -0.000736	 
-0.094795	 0.011852	 0.032729	 -0.002193	 -0.000331	 -0.000704	 
-0.047078	 0.005835	 0.028259	 -0.001516	 -0.000547	 -0.000714	 
0.001663	 0.001551	 0.024826	 -0.000735	 -0.000755	 -0.000735	 
0.050051	 -0.002083	 0.022691	 -0.000004	 -0.001223	 -0.000795	 
0.098403	 0.001476	 0.024888	 0.000696	 -0.000760	 -0.000720	 
0.147035	 0.005666	 0.028364	 0.001496	 -0.000546	 -0.000694	 
0.194656	 0.011523	 0.032832	 0.002140	 -0.000364	 -0.000690	 
-0.100892	 0.050391	 0.030628	 -0.002175	 -0.000001	 -0.000637	 
-0.052034	 0.050746	 0.025959	 -0.001529	 0.000017	 -0.000634	 
0.000298	 0.049710	 0.023622	 -0.000756	 -0.000014	 -0.000686	 
0.050045	 0.050121	 0.022934	 -0.000017	 -0.000008	 -0.000789	 
0.099756	 0.049545	 0.023683	 0.000715	 -0.000025	 -0.000690	 
0.151942	 0.050544	 0.026071	 0.001557	 -0.000028	 -0.000649	 
0.200677	 0.050121	 0.030735	 0.002184	 -0.000025	 -0.000602	 
-0.095091	 0.089746	 0.032706	 -0.002182	 0.000319	 -0.000692	 
-0.047450	 0.096298	 0.028465	 -0.001535	 0.000549	 -0.000721	 
0.001261	 0.097856	 0.024983	 -0.000761	 0.000742	 -0.000758	 
0.050007	 0.102253	 0.022893	 0.000005	 0.001227	 -0.000802	 
0.098774	 0.097639	 0.024997	 0.000746	 0.000747	 -0.000768	 
0.147482	 0.096086	 0.028483	 0.001548	 0.000510	 -0.000714	 
0.195099	 0.089548	 0.032730	 0.002221	 0.000309	 -0.000740	 
-0.083862	 0.132074	 0.035664	 -0.002003	 0.000818	 -0.000801	 
-0.039493	 0.142015	 0.031689	 -0.001429	 0.001093	 -0.000844	 
0.004846	 0.146895	 0.027597	 -0.000730	 0.001527	 -0.000839	 
0.049988	 0.156882	 0.024690	 0.000000	 0.002405	 -0.000908	 
0.095143	 0.146736	 0.027547	 0.000727	 0.001542	 -0.000863	 
0.139523	 0.141869	 0.031604	 0.001425	 0.001102	 -0.000860	 
0.183932	 0.131983	 0.035583	 0.002024	 0.000831	 -0.000802	 
-0.073941	 0.176793	 0.039743	 -0.002118	 0.001217	 -0.000891	 
-0.031833	 0.186321	 0.035072	 -0.001495	 0.001743	 -0.000969	 
0.009280	 0.196293	 0.031072	 -0.000759	 0.002407	 -0.000948	 
0.050064	 0.209427	 0.028705	 0.000012	 0.003568	 -0.001010	 
0.090897	 0.196243	 0.030998	 0.000759	 0.002384	 -0.000945	 
0.132094	 0.186247	 0.034934	 0.001516	 0.001722	 -0.000989	 
0.174267	 0.176770	 0.039591	 0.002141	 0.001196	 -0.000868	 
-0.079038	 -0.065749	 0.043967	 -0.002233	 -0.001114	 -0.001016	 
-0.033998	 -0.089975	 0.039428	 -0.001600	 -0.001730	 -0.001124	 
0.006945	 -0.098218	 0.035256	 -0.000784	 -0.002397	 -0.001149	 
0.049966	 -0.106242	 0.032087	 -0.000030	 -0.003532	 -0.001134	 
0.092976	 -0.098071	 0.035304	 0.000775	 -0.002418	 -0.001112	 
0.133834	 -0.090047	 0.039522	 0.001559	 -0.001715	 -0.001021	 
0.178742	 -0.066184	 0.044092	 0.002179	 -0.001134	 -0.001028	 
-0.089619	 -0.024175	 0.041286	 -0.002208	 -0.000744	 -0.000941	 
-0.044670	 -0.042114	 0.036544	 -0.001547	 -0.001106	 -0.001007	 
0.001573	 -0.048591	 0.031361	 -0.000784	 -0.001521	 -0.000958	 
0.049990	 -0.054664	 0.027701	 -0.000030	 -0.002381	 -0.000980	 
0.098387	 -0.048539	 0.031424	 0.000762	 -0.001519	 -0.000943	 
0.144577	 -0.042261	 0.036647	 0.001535	 -0.001113	 -0.000934	 
0.189490	 -0.024560	 0.041406	 0.002147	 -0.000751	 -0.000880	 
-0.095398	 0.013991	 0.037857	 -0.002190	 -0.000325	 -0.000836	 
-0.047628	 0.004321	 0.032755	 -0.001518	 -0.000536	 -0.000851	 
0.000910	 0.000909	 0.028800	 -0.000743	 -0.000754	 -0.000877	 
0.050035	 -0.001643	 0.026313	 -0.000009	 -0.001215	 -0.000953	 
0.099137	 0.000835	 0.028876	 0.000710	 -0.000768	 -0.000864	 
0.147585	 0.004138	 0.032873	 0.001503	 -0.000561	 -0.000826	 
0.195240	 0.013627	 0.037958	 0.002172	 -0.000383	 -0.000837	 
-0.099577	 0.051569	 0.035419	 -0.002176	 -0.000008	 -0.000736	 
-0.050488	 0.050426	 0.029856	 -0.001524	 -0.000003	 -0.000752	 
0.000502	 0.049884	 0.027395	 -0.000763	 -0.000003	 -0.000829	 
0.050046	 0.050562	 0.026677	 -0.000011	 -0.000004	 -0.000952	 
0.099559	 0.049726	 0.027467	 0.000719	 -0.000013	 -0.000835	 
0.150396	 0.050225	 0.029983	 0.001547	 -0.000043	 -0.000794	 
0.199347	 0.051290	 0.035526	 0.002201	 -0.000014	 -0.000723	 
-0.097815	 0.090229	 0.038142	 -0.002213	 0.000277	 -0.000823	 
-0.049472	 0.096110	 0.032881	 -0.001571	 0.000537	 -0.000837	 
0.000369	 0.098536	 0.028949	 -0.000759	 0.000726	 -0.000900	 
0.050003	 0.102744	 0.026475	 0.000005	 0.001215	 -0.000958	 
0.099663	 0.098337	 0.028964	 0.000751	 0.000740	 -0.000921	 
0.149499	 0.095908	 0.032899	 0.001580	 0.000514	 -0.000846	 
0.197804	 0.090007	 0.038149	 0.002267	 0.000283	 -0.000807	 
-0.088005	 0.130234	 0.041198	 -0.002157	 0.000796	 -0.000939	 
-0.042452	 0.142238	 0.036884	 -0.001520	 0.001106	 -0.000994	 
0.003487	 0.147393	 0.031971	 -0.000770	 0.001531	 -0.001031	 
0.050002	 0.156271	 0.028426	 -0.000002	 0.002416	 -0.001022	 
0.096547	 0.147232	 0.031909	 0.000767	 0.001544	 -0.001056	 
0.142516	 0.142105	 0.036782	 0.001504	 0.001127	 -0.000947	 
0.188077	 0.130136	 0.041096	 0.002168	 0.000827	 -0.000916	 
-0.070657	 0.175063	 0.044527	 -0.002133	 0.001327	 -0.001031	 
-0.029610	 0.188439	 0.040423	 -0.001488	 0.001794	 -0.001151	 
0.009718	 0.197151	 0.035880	 -0.000731	 0.002434	 -0.001142	 
0.050110	 0.208631	 0.033013	 0.000010	 0.003547	 -0.001131	 
0.090541	 0.197120	 0.035790	 0.000762	 0.002441	 -0.001107	 
0.129941	 0.188409	 0.040269	 0.001538	 0.001821	 -0.001068	 
0.171007	 0.175055	 0.044360	 0.002160	 0.001310	 -0.001031	 
-0.088388	 -0.071723	 0.051216	 -0.002483	 -0.001247	 -0.001286	 
-0.041138	 -0.087681	 0.045146	 -0.001659	 -0.001699	 -0.001221	 
0.003931	 -0.092988	 0.039472	 -0.000832	 -0.002273	 -0.001289	 
0.049961	 -0.101747	 0.035720	 -0.000039	 -0.003453	 -0.001328	 
0.095948	 -0.092883	 0.039535	 0.000816	 -0.002271	 -0.001270	 
0.140956	 -0.087818	 0.045260	 0.001600	 -0.001691	 -0.001199	 
0.188134	 -0.072159	 0.051367	 0.002327	 -0.001231	 -0.001128	 
-0.091804	 -0.030493	 0.047558	 -0.002363	 -0.000866	 -0.001002	 
-0.044758	 -0.044132	 0.041246	 -0.001588	 -0.001143	 -0.001018	 
0.002303	 -0.046546	 0.035030	 -0.000813	 -0.001535	 -0.001087	 
0.049976	 -0.052637	 0.031198	 -0.000031	 -0.002362	 -0.001127	 
0.097632	 -0.046515	 0.035102	 0.000777	 -0.001527	 -0.001089	 
0.144658	 -0.044284	 0.041357	 0.001571	 -0.001155	 -0.001034	 
0.191631	 -0.030858	 0.047677	 0.002309	 -0.000869	 -0.000986	 
-0.093541	 0.010978	 0.042840	 -0.002166	 -0.000401	 -0.000968	 
-0.046500	 0.001444	 0.036938	 -0.001520	 -0.000583	 -0.000963	 
0.001042	 0.002176	 0.032559	 -0.000747	 -0.000749	 -0.001013	 
0.050020	 0.000061	 0.029822	 -0.000018	 -0.001185	 -0.001116	 
0.098976	 0.002109	 0.032643	 0.000714	 -0.000770	 -0.000990	 
0.146441	 0.001303	 0.037063	 0.001488	 -0.000619	 -0.000974	 
0.193358	 0.010654	 0.042936	 0.002169	 -0.000462	 -0.000878	 
-0.099569	 0.052789	 0.040093	 -0.002233	 -0.000003	 -0.000887	 
-0.050790	 0.049475	 0.033753	 -0.001567	 -0.000013	 -0.000865	 
0.000363	 0.050454	 0.031090	 -0.000784	 0.000013	 -0.000972	 
0.050027	 0.052376	 0.030331	 -0.000009	 0.000021	 -0.001104	 
0.099660	 0.050312	 0.031170	 0.000743	 0.000007	 -0.000986	 
0.150666	 0.049289	 0.033895	 0.001558	 -0.000057	 -0.000808	 
0.199253	 0.052493	 0.040196	 0.002311	 0.000000	 -0.000782	 
-0.093952	 0.095429	 0.042927	 -0.002169	 0.000374	 -0.000903	 
-0.048065	 0.095945	 0.036752	 -0.001577	 0.000556	 -0.000964	 
0.000970	 0.098871	 0.032698	 -0.000770	 0.000766	 -0.001035	 
0.049986	 0.104076	 0.029974	 0.000005	 0.001249	 -0.001110	 
0.099007	 0.098699	 0.032710	 0.000754	 0.000771	 -0.001000	 
0.148059	 0.095803	 0.036770	 0.001559	 0.000536	 -0.000864	 
0.193945	 0.095210	 0.042910	 0.002278	 0.000364	 -0.000882	 
-0.086340	 0.139743	 0.047285	 -0.002185	 0.000925	 -0.001018	 
-0.043777	 0.143494	 0.041733	 -0.001592	 0.001154	 -0.001062	 
0.001619	 0.146596	 0.036073	 -0.000802	 0.001504	 -0.001053	 
0.050019	 0.157690	 0.032108	 -0.000005	 0.002426	 -0.001074	 
0.098405	 0.146464	 0.036001	 0.000796	 0.001518	 -0.001050	 
0.143850	 0.143383	 0.041615	 0.001572	 0.001148	 -0.001036	 
0.186498	 0.139611	 0.047139	 0.002240	 0.000964	 -0.001023	 
-0.079116	 0.185172	 0.052254	 -0.002265	 0.001361	 -0.001265	 
-0.037340	 0.190161	 0.046896	 -0.001609	 0.001760	 -0.001242	 
0.005984	 0.194648	 0.040629	 -0.000792	 0.002333	 -0.001322	 
0.050149	 0.209578	 0.037288	 0.000011	 0.003600	 -0.001331	 
0.094314	 0.194550	 0.040513	 0.000812	 0.002324	 -0.001254	 
0.137718	 0.190070	 0.046701	 0.001618	 0.001748	 -0.001238	 
0.179596	 0.185135	 0.052027	 0.002315	 0.001370	 -0.001227	 
-0.071322	 -0.086412	 0.054934	 -0.002239	 -0.001504	 -0.001401	 
-0.034444	 -0.076088	 0.048315	 -0.001537	 -0.001769	 -0.001255	 
0.006225	 -0.068668	 0.041775	 -0.000836	 -0.002066	 -0.001394	 
0.049943	 -0.083137	 0.038679	 -0.000038	 -0.003206	 -0.001445	 
0.093625	 -0.068797	 0.041854	 0.000802	 -0.002097	 -0.001344	 
0.134315	 -0.076245	 0.048435	 0.001488	 -0.001806	 -0.001325	 
0.171255	 -0.086731	 0.055096	 0.002171	 -0.001556	 -0.001330	 
-0.068129	 -0.041584	 0.050100	 -0.002119	 -0.001041	 -0.001121	 
-0.032242	 -0.036162	 0.043745	 -0.001470	 -0.001172	 -0.001161	 
0.007672	 -0.031424	 0.038132	 -0.000748	 -0.001421	 -0.001220	 
0.049951	 -0.041893	 0.034898	 -0.000020	 -0.002161	 -0.001297	 
0.092189	 -0.031530	 0.038204	 0.000713	 -0.001450	 -0.001198	 
0.132133	 -0.036360	 0.043858	 0.001424	 -0.001175	 -0.001149	 
0.168075	 -0.041863	 0.050229	 0.002129	 -0.001069	 -0.001143	 
-0.068843	 0.003026	 0.045080	 -0.001923	 -0.000558	 -0.001032	 
-0.034187	 0.005710	 0.039989	 -0.001375	 -0.000582	 -0.001116	 
0.006615	 0.009860	 0.036488	 -0.000698	 -0.000705	 -0.001190	 
0.049997	 0.005136	 0.033872	 -0.000022	 -0.001105	 -0.001274	 
0.093344	 0.009730	 0.036567	 0.000691	 -0.000754	 -0.001190	 
0.134156	 0.005508	 0.040125	 0.001329	 -0.000628	 -0.001098	 
0.168898	 0.002793	 0.045216	 0.001944	 -0.000596	 -0.001031	 
-0.074615	 0.049925	 0.041632	 -0.001952	 -0.000021	 -0.000905	 
-0.037511	 0.048292	 0.037098	 -0.001390	 -0.000026	 -0.000945	 
0.005915	 0.050958	 0.035438	 -0.000721	 0.000019	 -0.001068	 
0.050011	 0.052534	 0.034507	 0.000001	 0.000016	 -0.001182	 
0.094079	 0.050821	 0.035516	 0.000675	 0.000016	 -0.001149	 
0.137406	 0.048136	 0.037248	 0.001406	 -0.000057	 -0.000975	 
0.174483	 0.049691	 0.041778	 0.002079	 -0.000032	 -0.000846	 
-0.067246	 0.094065	 0.044326	 -0.001927	 0.000505	 -0.000984	 
-0.031859	 0.089985	 0.039392	 -0.001352	 0.000545	 -0.001026	 
0.008803	 0.092264	 0.036569	 -0.000686	 0.000738	 -0.001151	 
0.049987	 0.099067	 0.034262	 -0.000003	 0.001171	 -0.001231	 
0.091199	 0.092134	 0.036589	 0.000683	 0.000742	 -0.001162	 
0.131881	 0.089875	 0.039432	 0.001410	 0.000545	 -0.001030	 
0.167322	 0.093907	 0.044340	 0.002005	 0.000477	 -0.000975	 
-0.073978	 0.134099	 0.050375	 -0.002150	 0.000921	 -0.001094	 
-0.034695	 0.129282	 0.044000	 -0.001502	 0.001043	 -0.001119	 
0.007141	 0.132524	 0.038911	 -0.000735	 0.001425	 -0.001146	 
0.050014	 0.143841	 0.035328	 -0.000010	 0.002186	 -0.001243	 
0.092908	 0.132427	 0.038870	 0.000739	 0.001455	 -0.001145	 
0.134818	 0.129222	 0.043932	 0.001526	 0.001061	 -0.001139	 
0.174228	 0.133979	 0.050254	 0.002192	 0.000938	 -0.001135	 
-0.087823	 0.171368	 0.056792	 -0.002446	 0.001280	 -0.001268	 
-0.042570	 0.165551	 0.049804	 -0.001639	 0.001552	 -0.001237	 
0.002576	 0.167447	 0.043060	 -0.000786	 0.002076	 -0.001318	 
0.050100	 0.183577	 0.039026	 -0.000003	 0.003120	 -0.001365	 
0.097591	 0.167410	 0.042968	 0.000802	 0.002066	 -0.001300	 
0.142852	 0.165544	 0.049646	 0.001655	 0.001578	 -0.001271	 
0.188331	 0.171304	 0.056566	 0.002478	 0.001318	 -0.001262	 
-0.056339	 -0.047479	 0.055319	 -0.001938	 -0.001217	 -0.001366	 
-0.017790	 -0.056809	 0.050266	 -0.001299	 -0.001643	 -0.001453	 
0.018707	 -0.085782	 0.047915	 -0.000675	 -0.002592	 -0.001565	 
0.049930	 -0.104739	 0.046187	 -0.000028	 -0.003698	 -0.001610	 
0.081083	 -0.085882	 0.047965	 0.000601	 -0.002640	 -0.001569	 
0.117527	 -0.056947	 0.050355	 0.001258	 -0.001738	 -0.001388	 
0.156120	 -0.047966	 0.055439	 0.001934	 -0.001309	 -0.001306	 
-0.067591	 -0.013723	 0.053220	 -0.002028	 -0.000784	 -0.001249	 
-0.026121	 -0.020655	 0.047449	 -0.001356	 -0.001055	 -0.001302	 
0.014597	 -0.037288	 0.043537	 -0.000671	 -0.001642	 -0.001368	 
0.049897	 -0.047778	 0.040385	 -0.000015	 -0.002310	 -0.001434	 
0.085134	 -0.037422	 0.043593	 0.000626	 -0.001665	 -0.001481	 
0.125929	 -0.020890	 0.047545	 0.001294	 -0.001050	 -0.001310	 
0.167485	 -0.014294	 0.053338	 0.002054	 -0.000851	 -0.001232	 
-0.085641	 0.018587	 0.052029	 -0.002212	 -0.000367	 -0.001160	 
-0.039701	 0.015355	 0.045951	 -0.001414	 -0.000474	 -0.001173	 
0.006178	 0.008618	 0.041599	 -0.000700	 -0.000730	 -0.001348	 
0.049970	 0.004585	 0.038345	 -0.000009	 -0.001099	 -0.001478	 
0.093722	 0.008445	 0.041682	 0.000663	 -0.000775	 -0.001417	 
0.139622	 0.015052	 0.046077	 0.001418	 -0.000540	 -0.001227	 
0.185619	 0.018043	 0.052161	 0.002259	 -0.000403	 -0.001126	 
-0.090808	 0.049119	 0.049663	 -0.002271	 0.000014	 -0.001065	 
-0.040925	 0.048006	 0.043246	 -0.001466	 -0.000010	 -0.001091	 
0.006707	 0.050401	 0.040559	 -0.000703	 0.000000	 -0.001234	 
0.050011	 0.052251	 0.039185	 -0.000007	 0.000004	 -0.001400	 
0.093294	 0.050231	 0.040643	 0.000680	 -0.000016	 -0.001219	 
0.140818	 0.047800	 0.043398	 0.001480	 -0.000045	 -0.001089	 
0.190583	 0.048733	 0.049782	 0.002343	 0.000015	 -0.001101	 
-0.082124	 0.079361	 0.051193	 -0.002145	 0.000362	 -0.001131	 
-0.036474	 0.080714	 0.045307	 -0.001405	 0.000443	 -0.001179	 
0.008240	 0.092031	 0.041928	 -0.000687	 0.000770	 -0.001334	 
0.050005	 0.099408	 0.039177	 -0.000003	 0.001155	 -0.001443	 
0.091794	 0.091881	 0.041943	 0.000687	 0.000779	 -0.001300	 
0.136495	 0.080569	 0.045360	 0.001450	 0.000444	 -0.001194	 
0.182200	 0.079116	 0.051229	 0.002164	 0.000384	 -0.001122	 
-0.055672	 0.112359	 0.051715	 -0.001832	 0.000785	 -0.001240	 
-0.019168	 0.119751	 0.046977	 -0.001252	 0.001041	 -0.001328	 
0.017866	 0.138909	 0.044166	 -0.000582	 0.001638	 -0.001428	 
0.050071	 0.149143	 0.041209	 -0.000003	 0.002285	 -0.001523	 
0.082286	 0.138912	 0.044123	 0.000577	 0.001658	 -0.001423	 
0.119264	 0.119709	 0.046925	 0.001261	 0.001060	 -0.001341	 
0.155823	 0.112274	 0.051655	 0.001851	 0.000805	 -0.001285	 
-0.047790	 0.149750	 0.055045	 -0.001784	 0.001300	 -0.001419	 
-0.013087	 0.159988	 0.050773	 -0.001191	 0.001623	 -0.001502	 
0.020268	 0.186909	 0.048449	 -0.000542	 0.002497	 -0.001689	 
0.050174	 0.203776	 0.046102	 0.000004	 0.003442	 -0.001707	 
0.080150	 0.187118	 0.048402	 0.000557	 0.002493	 -0.001667	 
0.113496	 0.160042	 0.050672	 0.001217	 0.001637	 -0.001514	 
0.148243	 0.149701	 0.054915	 0.001808	 0.001311	 -0.001407	 
-0.066714	 -0.057236	 0.065165	 -0.002198	 -0.001304	 -0.001578	 
-0.027571	 -0.068307	 0.060106	 -0.001464	 -0.001695	 -0.001756	 
0.011368	 -0.078952	 0.054121	 -0.000807	 -0.002380	 -0.001763	 
0.049908	 -0.091392	 0.050056	 -0.000023	 -0.003352	 -0.001813	 
0.088431	 -0.079143	 0.054200	 0.000642	 -0.002431	 -0.001723	 
0.127450	 -0.068550	 0.060226	 0.001366	 -0.001750	 -0.001699	 
0.166647	 -0.057831	 0.065303	 0.002149	 -0.001472	 -0.001607	 
-0.074671	 -0.019745	 0.062042	 -0.002238	 -0.000865	 -0.001487	 
-0.033426	 -0.028397	 0.055800	 -0.001543	 -0.001131	 -0.001543	 
0.007906	 -0.035825	 0.049550	 -0.000788	 -0.001570	 -0.001552	 
0.049883	 -0.046330	 0.044861	 -0.000022	 -0.002196	 -0.001611	 
0.091878	 -0.036019	 0.049627	 0.000714	 -0.001552	 -0.001535	 
0.133268	 -0.028623	 0.055892	 0.001429	 -0.001130	 -0.001494	 
0.174565	 -0.020343	 0.062141	 0.002188	 -0.000938	 -0.001461	 
-0.078131	 0.014837	 0.058059	 -0.002074	 -0.000437	 -0.001393	 
-0.036446	 0.010655	 0.051753	 -0.001418	 -0.000530	 -0.001400	 
0.006110	 0.007420	 0.046504	 -0.000729	 -0.000747	 -0.001438	 
0.049956	 0.002316	 0.042594	 -0.000008	 -0.001100	 -0.001511	 
0.093760	 0.007261	 0.046590	 0.000685	 -0.000816	 -0.001467	 
0.136245	 0.010362	 0.051850	 0.001342	 -0.000576	 -0.001376	 
0.178053	 0.014299	 0.058130	 0.002089	 -0.000436	 -0.001359	 
-0.074467	 0.048681	 0.053740	 -0.002049	 0.000017	 -0.001274	 
-0.033692	 0.048352	 0.048223	 -0.001347	 -0.000029	 -0.001300	 
0.008418	 0.050252	 0.045586	 -0.000670	 0.000009	 -0.001452	 
0.050007	 0.051235	 0.043706	 -0.000012	 0.000015	 -0.001611	 
0.091565	 0.050138	 0.045667	 0.000664	 0.000017	 -0.001444	 
0.133620	 0.048105	 0.048378	 0.001337	 -0.000061	 -0.001318	 
0.174392	 0.048303	 0.053876	 0.002062	 0.000031	 -0.001282	 
-0.073792	 0.083757	 0.057163	 -0.002010	 0.000434	 -0.001350	 
-0.033019	 0.086535	 0.051324	 -0.001367	 0.000527	 -0.001413	 
0.008255	 0.093044	 0.047094	 -0.000705	 0.000780	 -0.001543	 
0.050001	 0.099687	 0.043774	 -0.000006	 0.001156	 -0.001649	 
0.091739	 0.092983	 0.047096	 0.000703	 0.000790	 -0.001501	 
0.133176	 0.086289	 0.051347	 0.001380	 0.000500	 -0.001437	 
0.174013	 0.083486	 0.057171	 0.002058	 0.000469	 -0.001371	 
-0.069073	 0.120980	 0.062045	 -0.002182	 0.000885	 -0.001470	 
-0.029329	 0.125887	 0.055664	 -0.001490	 0.001048	 -0.001564	 
0.010437	 0.135855	 0.050498	 -0.000727	 0.001525	 -0.001641	 
0.050097	 0.144822	 0.046253	 -0.000002	 0.002181	 -0.001765	 
0.089765	 0.135809	 0.050427	 0.000728	 0.001541	 -0.001653	 
0.129550	 0.125723	 0.055555	 0.001519	 0.001082	 -0.001589	 
0.169320	 0.120824	 0.061908	 0.002220	 0.000913	 -0.001516	 
-0.064481	 0.159422	 0.065305	 -0.002180	 0.001353	 -0.001594	 
-0.025105	 0.166727	 0.060054	 -0.001437	 0.001614	 -0.001782	 
0.012696	 0.178037	 0.054879	 -0.000723	 0.002257	 -0.001862	 
0.050200	 0.186469	 0.050299	 0.000003	 0.003060	 -0.001876	 
0.087793	 0.178015	 0.054760	 0.000726	 0.002262	 -0.001841	 
0.125568	 0.166728	 0.059880	 0.001466	 0.001630	 -0.001785	 
0.164820	 0.159474	 0.065083	 0.002223	 0.001350	 -0.001605	 
-0.074253	 -0.063727	 0.073009	 -0.002435	 -0.001357	 -0.001661	 
-0.033728	 -0.062679	 0.066609	 -0.001654	 -0.001773	 -0.001874	 
0.006561	 -0.057485	 0.058413	 -0.000890	 -0.002113	 -0.001897	 
0.049893	 -0.068443	 0.053147	 -0.000005	 -0.003055	 -0.001971	 
0.093168	 -0.057713	 0.058478	 0.000727	 -0.002217	 -0.001868	 
0.133285	 -0.063232	 0.066698	 0.001505	 -0.001837	 -0.001845	 
0.173746	 -0.065023	 0.073113	 0.002476	 -0.001608	 -0.001789	 
-0.067564	 -0.027587	 0.068151	 -0.002306	 -0.001012	 -0.001706	 
-0.030141	 -0.026417	 0.061148	 -0.001559	 -0.001208	 -0.001760	 
0.008874	 -0.024132	 0.053901	 -0.000798	 -0.001440	 -0.001741	 
0.049847	 -0.032782	 0.048887	 -0.000023	 -0.002073	 -0.001779	 
0.090588	 -0.024322	 0.053934	 0.000719	 -0.001526	 -0.001676	 
0.129503	 -0.026890	 0.061177	 0.001471	 -0.001259	 -0.001684	 
0.166961	 -0.028355	 0.068152	 0.002210	 -0.001060	 -0.001682	 
-0.061920	 0.009764	 0.062538	 -0.001973	 -0.000509	 -0.001640	 
-0.026996	 0.010651	 0.056533	 -0.001311	 -0.000613	 -0.001633	 
0.010971	 0.012280	 0.051434	 -0.000689	 -0.000720	 -0.001663	 
0.049923	 0.007957	 0.047563	 -0.000027	 -0.001037	 -0.001731	 
0.088731	 0.012142	 0.051508	 0.000645	 -0.000772	 -0.001594	 
0.126652	 0.010286	 0.056610	 0.001321	 -0.000664	 -0.001568	 
0.161734	 0.009362	 0.062559	 0.001923	 -0.000480	 -0.001577	 
-0.059128	 0.049638	 0.058265	 -0.001866	 -0.000007	 -0.001486	 
-0.025924	 0.049435	 0.053832	 -0.001261	 -0.000033	 -0.001554	 
0.010895	 0.050520	 0.051201	 -0.000637	 -0.000006	 -0.001699	 
0.050017	 0.050303	 0.048906	 0.000012	 -0.000045	 -0.001810	 
0.089130	 0.050430	 0.051277	 0.000641	 0.000003	 -0.001672	 
0.125956	 0.049166	 0.053975	 0.001324	 -0.000083	 -0.001567	 
0.159330	 0.049316	 0.058415	 0.001820	 -0.000022	 -0.001511	 
-0.054864	 0.091189	 0.061740	 -0.001898	 0.000594	 -0.001634	 
-0.022405	 0.088765	 0.056508	 -0.001253	 0.000619	 -0.001676	 
0.013562	 0.088410	 0.052319	 -0.000650	 0.000750	 -0.001800	 
0.050012	 0.091427	 0.049147	 0.000012	 0.000989	 -0.001883	 
0.086582	 0.088364	 0.052322	 0.000661	 0.000756	 -0.001730	 
0.122620	 0.088523	 0.056505	 0.001300	 0.000595	 -0.001677	 
0.155236	 0.090986	 0.061723	 0.001936	 0.000582	 -0.001660	 
-0.060818	 0.132375	 0.068122	 -0.002202	 0.001105	 -0.001691	 
-0.025382	 0.126794	 0.061478	 -0.001491	 0.001176	 -0.001785	 
0.011288	 0.124675	 0.055241	 -0.000762	 0.001383	 -0.001842	 
0.050131	 0.128981	 0.050933	 0.000001	 0.001849	 -0.001991	 
0.089109	 0.124680	 0.055212	 0.000767	 0.001385	 -0.001847	 
0.125853	 0.126612	 0.061383	 0.001513	 0.001199	 -0.001830	 
0.161414	 0.132365	 0.067998	 0.002277	 0.001114	 -0.001708	 
-0.068993	 0.173308	 0.072814	 -0.002361	 0.001580	 -0.001702	 
-0.030580	 0.164526	 0.066778	 -0.001595	 0.001710	 -0.001949	 
0.007932	 0.159656	 0.059686	 -0.000869	 0.001923	 -0.001989	 
0.050156	 0.163881	 0.054204	 -0.000007	 0.002594	 -0.002080	 
0.092444	 0.159762	 0.059575	 0.000874	 0.001943	 -0.002005	 
0.131039	 0.164403	 0.066577	 0.001633	 0.001748	 -0.001930	 
0.169469	 0.173297	 0.072543	 0.002404	 0.001575	 -0.001695	 
-0.049132	 -0.046667	 0.074391	 -0.002074	 -0.001480	 -0.001913	 
-0.013451	 -0.054186	 0.068786	 -0.001358	 -0.001891	 -0.001999	 
0.020525	 -0.075802	 0.064869	 -0.000685	 -0.002503	 -0.002150	 
0.049921	 -0.091057	 0.061792	 -0.000040	 -0.003237	 -0.002490	 
0.078895	 -0.076017	 0.064873	 0.000545	 -0.002523	 -0.002329	 
0.112237	 -0.054474	 0.068776	 0.001157	 -0.001884	 -0.002145	 
0.147913	 -0.048270	 0.074384	 0.001939	 -0.001630	 -0.002027	 
-0.055032	 -0.013869	 0.071473	 -0.002036	 -0.000967	 -0.001793	 
-0.018157	 -0.019207	 0.065020	 -0.001308	 -0.001217	 -0.001860	 
0.017709	 -0.032484	 0.060176	 -0.000662	 -0.001641	 -0.001994	 
0.049683	 -0.040476	 0.055808	 -0.000020	 -0.002037	 -0.002155	 
0.081246	 -0.032783	 0.060170	 0.000571	 -0.001661	 -0.002026	 
0.117177	 -0.019719	 0.065002	 0.001194	 -0.001268	 -0.001944	 
0.154303	 -0.015167	 0.071410	 0.001881	 -0.001023	 -0.001903	 
-0.067053	 0.019421	 0.069225	 -0.001969	 -0.000394	 -0.001676	 
-0.026494	 0.015995	 0.062905	 -0.001287	 -0.000575	 -0.001752	 
0.012235	 0.009817	 0.057534	 -0.000639	 -0.000774	 -0.001841	 
0.049752	 0.005185	 0.053270	 -0.000003	 -0.001070	 -0.001978	 
0.087103	 0.009486	 0.057586	 0.000543	 -0.000815	 -0.001885	 
0.125930	 0.015356	 0.062919	 0.001216	 -0.000639	 -0.001823	 
0.166564	 0.018630	 0.069174	 0.001938	 -0.000446	 -0.001806	 
-0.068273	 0.051381	 0.066341	 -0.001871	 0.000031	 -0.001622	 
-0.026440	 0.049172	 0.060806	 -0.001238	 -0.000042	 -0.001690	 
0.012989	 0.050149	 0.057366	 -0.000597	 -0.000023	 -0.001813	 
0.050078	 0.048361	 0.054636	 0.000012	 -0.000043	 -0.002031	 
0.087195	 0.049959	 0.057449	 0.000615	 0.000001	 -0.001946	 
0.126492	 0.048795	 0.060923	 0.001239	 -0.000074	 -0.001856	 
0.168265	 0.050989	 0.066406	 0.001930	 0.000030	 -0.001736	 
-0.061374	 0.082848	 0.068853	 -0.001991	 0.000531	 -0.001679	 
-0.022027	 0.081639	 0.062872	 -0.001232	 0.000546	 -0.001804	 
0.016523	 0.090405	 0.058849	 -0.000604	 0.000829	 -0.001996	 
0.050237	 0.092499	 0.055695	 0.000003	 0.000979	 -0.002080	 
0.084121	 0.090207	 0.058869	 0.000633	 0.000789	 -0.002073	 
0.122542	 0.081364	 0.062922	 0.001264	 0.000528	 -0.001883	 
0.162013	 0.082683	 0.068823	 0.001992	 0.000531	 -0.001723	 
-0.046801	 0.114432	 0.071004	 -0.001934	 0.001039	 -0.001793	 
-0.012654	 0.116744	 0.065392	 -0.001254	 0.001128	 -0.001908	 
0.019947	 0.131973	 0.061861	 -0.000649	 0.001595	 -0.002145	 
0.050317	 0.135870	 0.058406	 0.000010	 0.001945	 -0.002182	 
0.080880	 0.131938	 0.061828	 0.000656	 0.001586	 -0.002150	 
0.113489	 0.116502	 0.065370	 0.001266	 0.001125	 -0.001931	 
0.147762	 0.114220	 0.070961	 0.001998	 0.001034	 -0.001799	 
-0.041696	 0.147898	 0.074060	 -0.001951	 0.001605	 -0.001939	 
-0.010534	 0.152757	 0.069584	 -0.001294	 0.001736	 -0.002059	 
0.019227	 0.173445	 0.065953	 -0.000667	 0.002300	 -0.002177	 
0.050185	 0.178995	 0.061696	 -0.000036	 0.002826	 -0.002238	 
0.081470	 0.173681	 0.065854	 0.000683	 0.002296	 -0.002202	 
0.111471	 0.152604	 0.069467	 0.001339	 0.001775	 -0.002085	 
0.142651	 0.147331	 0.073938	 0.001982	 0.001629	 -0.001970	 
-0.065450	 -0.056502	 0.086064	 -0.002461	 -0.001684	 -0.002248	 
-0.029354	 -0.061044	 0.080104	 -0.001658	 -0.001865	 -0.002336	 
0.008548	 -0.058977	 0.072147	 -0.000825	 -0.002092	 -0.002334	 
0.049559	 -0.066783	 0.065296	 -0.000011	 -0.002761	 -0.002614	 
0.090063	 -0.059828	 0.072205	 0.000799	 -0.002123	 -0.002487	 
0.127999	 -0.062068	 0.080209	 0.001515	 -0.001980	 -0.002496	 
0.163475	 -0.058780	 0.085866	 0.002219	 -0.001810	 -0.002311	 
-0.066843	 -0.019857	 0.082079	 -0.002301	 -0.001007	 -0.002095	 
-0.029355	 -0.024281	 0.074963	 -0.001599	 -0.001203	 -0.002146	 
0.009761	 -0.025500	 0.067268	 -0.000774	 -0.001448	 -0.002172	 
0.049478	 -0.031966	 0.061017	 -0.000018	 -0.001879	 -0.002362	 
0.088925	 -0.026295	 0.067351	 0.000704	 -0.001562	 -0.002273	 
0.127617	 -0.025480	 0.074840	 0.001470	 -0.001369	 -0.002255	 
0.164847	 -0.021603	 0.081621	 0.002151	 -0.001083	 -0.002232	 
-0.066088	 0.015945	 0.076421	 -0.002022	 -0.000428	 -0.001918	 
-0.028565	 0.012630	 0.070166	 -0.001355	 -0.000630	 -0.001984	 
0.009777	 0.011151	 0.063846	 -0.000617	 -0.000744	 -0.002015	 
0.049636	 0.005034	 0.059133	 -0.000010	 -0.001007	 -0.002210	 
0.089563	 0.010436	 0.063909	 0.000600	 -0.000776	 -0.002100	 
0.127910	 0.011977	 0.070119	 0.001349	 -0.000676	 -0.002075	 
0.165257	 0.014711	 0.076283	 0.001950	 -0.000501	 -0.002071	 
-0.058615	 0.051090	 0.072179	 -0.001730	 0.000076	 -0.001867	 
-0.024284	 0.049472	 0.067416	 -0.001246	 0.000003	 -0.001943	 
0.012192	 0.048587	 0.063602	 -0.000608	 -0.000063	 -0.002054	 
0.050006	 0.042825	 0.060495	 0.000019	 -0.000176	 -0.002264	 
0.087711	 0.047998	 0.063676	 0.000614	 -0.000041	 -0.002091	 
0.124129	 0.048959	 0.067500	 0.001253	 -0.000068	 -0.002054	 
0.158727	 0.050373	 0.072205	 0.001806	 -0.000008	 -0.001988	 
-0.051703	 0.087153	 0.075399	 -0.001836	 0.000585	 -0.001985	 
-0.017953	 0.087112	 0.069881	 -0.001215	 0.000657	 -0.002060	 
0.015979	 0.085934	 0.065367	 -0.000578	 0.000732	 -0.002165	 
0.050362	 0.080405	 0.061903	 -0.000034	 0.000749	 -0.002372	 
0.084931	 0.085504	 0.065387	 0.000628	 0.000726	 -0.002191	 
0.119018	 0.086600	 0.069951	 0.001293	 0.000661	 -0.002113	 
0.152745	 0.086841	 0.075347	 0.001839	 0.000630	 -0.002005	 
-0.047940	 0.123901	 0.080254	 -0.001969	 0.001275	 -0.002143	 
-0.014083	 0.125344	 0.074440	 -0.001296	 0.001316	 -0.002204	 
0.018007	 0.123796	 0.068689	 -0.000683	 0.001424	 -0.002258	 
0.050514	 0.118979	 0.064168	 -0.000005	 0.001634	 -0.002422	 
0.083090	 0.123563	 0.068599	 0.000699	 0.001430	 -0.002270	 
0.115207	 0.124977	 0.074421	 0.001346	 0.001309	 -0.002252	 
0.148708	 0.124262	 0.080232	 0.002080	 0.001268	 -0.002157	 
-0.050090	 0.160439	 0.084665	 -0.002042	 0.001853	 -0.002334	 
-0.016330	 0.162746	 0.079961	 -0.001366	 0.001926	 -0.002399	 
0.017138	 0.161706	 0.072719	 -0.000700	 0.002123	 -0.002352	 
0.050337	 0.157751	 0.067272	 -0.000024	 0.002578	 -0.002531	 
0.083483	 0.161870	 0.072488	 0.000702	 0.002180	 -0.002394	 
0.116872	 0.162626	 0.079755	 0.001466	 0.002058	 -0.002491	 
0.150275	 0.161509	 0.084695	 0.002068	 0.001956	 -0.002392	 
-0.084631	 -0.049203	 0.095238	 -0.002873	 -0.001508	 -0.002422	 
-0.041919	 -0.045459	 0.087552	 -0.002003	 -0.001675	 -0.002501	 
0.003531	 -0.041254	 0.077886	 -0.000984	 -0.001915	 -0.002537	 
0.049483	 -0.045634	 0.069571	 -0.000060	 -0.002222	 -0.002747	 
0.095956	 -0.041116	 0.078001	 0.000890	 -0.001894	 -0.002688	 
0.141626	 -0.043981	 0.087465	 0.001888	 -0.001796	 -0.002593	 
0.184423	 -0.047638	 0.094837	 0.002851	 -0.001581	 -0.002407	 
-0.066624	 -0.018274	 0.089149	 -0.002426	 -0.001007	 -0.002338	 
-0.028630	 -0.016146	 0.081078	 -0.001669	 -0.001196	 -0.002381	 
0.011163	 -0.013049	 0.072667	 -0.000785	 -0.001387	 -0.002397	 
0.049733	 -0.015332	 0.066646	 -0.000074	 -0.001589	 -0.002544	 
0.089100	 -0.013165	 0.072898	 0.000682	 -0.001422	 -0.002484	 
0.129643	 -0.015608	 0.081187	 0.001572	 -0.001327	 -0.002525	 
0.168491	 -0.017504	 0.089043	 0.002431	 -0.001111	 -0.002402	 
-0.047067	 0.013300	 0.080957	 -0.001935	 -0.000513	 -0.002246	 
-0.015234	 0.015096	 0.075183	 -0.001309	 -0.000649	 -0.002267	 
0.017706	 0.018550	 0.069987	 -0.000551	 -0.000716	 -0.002329	 
0.049944	 0.019064	 0.066505	 -0.000055	 -0.000797	 -0.002507	 
0.082363	 0.018344	 0.070054	 0.000549	 -0.000719	 -0.002403	 
0.115555	 0.015292	 0.075210	 0.001228	 -0.000702	 -0.002391	 
0.148153	 0.013713	 0.080952	 0.001875	 -0.000582	 -0.002406	 
-0.041419	 0.050408	 0.077964	 -0.001705	 0.000035	 -0.002178	 
-0.012409	 0.050263	 0.074022	 -0.001168	 0.000021	 -0.002296	 
0.018488	 0.052494	 0.070975	 -0.000529	 0.000025	 -0.002451	 
0.049900	 0.056768	 0.068526	 0.000042	 0.000103	 -0.002639	 
0.081122	 0.052783	 0.070983	 0.000615	 0.000021	 -0.002442	 
0.112175	 0.050417	 0.074039	 0.001188	 -0.000006	 -0.002345	 
0.141698	 0.050794	 0.077876	 0.001682	 0.000060	 -0.002232	 
-0.047417	 0.087694	 0.082469	 -0.001929	 0.000666	 -0.002325	 
-0.014452	 0.085260	 0.076985	 -0.001245	 0.000660	 -0.002374	 
0.017727	 0.086311	 0.073231	 -0.000548	 0.000727	 -0.002532	 
0.050127	 0.094140	 0.070181	 0.000024	 0.000980	 -0.002744	 
0.081941	 0.087139	 0.073140	 0.000644	 0.000731	 -0.002577	 
0.113881	 0.085623	 0.076891	 0.001295	 0.000629	 -0.002447	 
0.146245	 0.088860	 0.082217	 0.001913	 0.000715	 -0.002370	 
-0.062640	 0.120599	 0.089727	 -0.002450	 0.001297	 -0.002380	 
-0.023760	 0.117480	 0.082677	 -0.001589	 0.001298	 -0.002465	 
0.014140	 0.119164	 0.076639	 -0.000758	 0.001447	 -0.002572	 
0.050143	 0.129572	 0.072482	 0.000020	 0.001806	 -0.002808	 
0.085338	 0.120607	 0.076463	 0.000790	 0.001483	 -0.002609	 
0.122233	 0.118417	 0.082446	 0.001594	 0.001351	 -0.002522	 
0.160129	 0.122883	 0.089335	 0.002461	 0.001407	 -0.002405	 
-0.074261	 0.153379	 0.094016	 -0.002661	 0.001709	 -0.002414	 
-0.033208	 0.148531	 0.088074	 -0.001753	 0.001792	 -0.002572	 
0.010435	 0.150549	 0.080133	 -0.000815	 0.001986	 -0.002613	 
0.049753	 0.164440	 0.074944	 -0.000015	 0.002563	 -0.002922	 
0.088299	 0.152817	 0.079721	 0.000838	 0.002060	 -0.002671	 
0.131323	 0.150032	 0.087765	 0.001782	 0.001832	 -0.002676	 
0.172909	 0.157061	 0.093984	 0.002632	 0.001805	 -0.002455	 
-0.056816	 -0.023960	 0.096800	 -0.002309	 -0.001527	 -0.002701	 
-0.023662	 -0.034975	 0.090823	 -0.001659	 -0.001783	 -0.002791	 
0.011422	 -0.044325	 0.083721	 -0.000905	 -0.002012	 -0.002966	 
0.049720	 -0.050049	 0.076586	 -0.000109	 -0.002216	 -0.003035	 
0.088645	 -0.044247	 0.083937	 0.000726	 -0.002162	 -0.002932	 
0.123709	 -0.033596	 0.090952	 0.001598	 -0.001945	 -0.002743	 
0.157752	 -0.022057	 0.096666	 0.002392	 -0.001616	 -0.002810	 
-0.052782	 0.000406	 0.093069	 -0.002187	 -0.001001	 -0.002602	 
-0.017506	 -0.006697	 0.086403	 -0.001461	 -0.001199	 -0.002713	 
0.015812	 -0.012153	 0.080018	 -0.000763	 -0.001341	 -0.002777	 
0.050242	 -0.016285	 0.074562	 -0.000104	 -0.001505	 -0.002931	 
0.085428	 -0.012366	 0.080332	 0.000616	 -0.001374	 -0.002786	 
0.119737	 -0.005864	 0.086673	 0.001349	 -0.001261	 -0.002697	 
0.156075	 0.001675	 0.093117	 0.002151	 -0.001061	 -0.002553	 
-0.063871	 0.026658	 0.090996	 -0.002208	 -0.000403	 -0.002528	 
-0.024835	 0.022176	 0.085163	 -0.001479	 -0.000615	 -0.002592	 
0.012255	 0.019099	 0.079301	 -0.000730	 -0.000727	 -0.002698	 
0.050170	 0.015271	 0.074263	 -0.000060	 -0.000834	 -0.002868	 
0.087993	 0.018565	 0.079329	 0.000655	 -0.000728	 -0.002677	 
0.125238	 0.022576	 0.085045	 0.001367	 -0.000644	 -0.002711	 
0.164340	 0.027892	 0.090576	 0.002208	 -0.000359	 -0.002481	 
-0.072477	 0.052879	 0.090609	 -0.002565	 0.000191	 -0.002367	 
-0.031402	 0.049522	 0.085122	 -0.001676	 0.000027	 -0.002597	 
0.008928	 0.048124	 0.080149	 -0.000808	 -0.000020	 -0.002771	 
0.049636	 0.045554	 0.075705	 0.000029	 -0.000080	 -0.002990	 
0.089936	 0.047744	 0.080008	 0.000810	 -0.000047	 -0.002792	 
0.129927	 0.050236	 0.084818	 0.001595	 0.000034	 -0.002666	 
0.170342	 0.054637	 0.089911	 0.002405	 0.000221	 -0.002425	 
-0.075034	 0.078571	 0.093706	 -0.002540	 0.000704	 -0.002538	 
-0.033016	 0.076185	 0.087184	 -0.001639	 0.000583	 -0.002628	 
0.008427	 0.077026	 0.081722	 -0.000751	 0.000588	 -0.002847	 
0.049446	 0.076280	 0.076910	 0.000048	 0.000651	 -0.003070	 
0.089827	 0.076837	 0.081449	 0.000827	 0.000559	 -0.002858	 
0.130459	 0.077178	 0.086856	 0.001645	 0.000567	 -0.002745	 
0.171523	 0.080403	 0.093032	 0.002451	 0.000727	 -0.002548	 
-0.066529	 0.102538	 0.096735	 -0.002558	 0.001284	 -0.002584	 
-0.027290	 0.104094	 0.089522	 -0.001695	 0.001191	 -0.002754	 
0.011833	 0.109093	 0.083585	 -0.000744	 0.001275	 -0.002887	 
0.049419	 0.110880	 0.078465	 0.000062	 0.001371	 -0.003119	 
0.085785	 0.109834	 0.083168	 0.000849	 0.001304	 -0.002917	 
0.123337	 0.105426	 0.089011	 0.001654	 0.001209	 -0.002826	 
0.161856	 0.104349	 0.095884	 0.002513	 0.001343	 -0.002690	 
-0.066811	 0.128421	 0.099374	 -0.002489	 0.001622	 -0.002565	 
-0.029659	 0.133368	 0.093306	 -0.001758	 0.001709	 -0.002822	 
0.009957	 0.142901	 0.086454	 -0.000766	 0.001817	 -0.002997	 
0.049467	 0.148716	 0.080639	 0.000019	 0.002123	 -0.003201	 
0.088431	 0.145031	 0.086009	 0.000867	 0.001903	 -0.003022	 
0.126675	 0.135670	 0.092802	 0.001743	 0.001780	 -0.002895	 
0.164273	 0.131521	 0.098766	 0.002521	 0.001815	 -0.002591	 
-0.052601	 -0.025227	 0.107081	 -0.002290	 -0.001716	 -0.003156	 
-0.019881	 -0.035465	 0.099483	 -0.001635	 -0.001908	 -0.003358	 
0.015101	 -0.041998	 0.090890	 -0.000826	 -0.001958	 -0.003412	 
0.049961	 -0.051303	 0.084046	 -0.000112	 -0.002188	 -0.003392	 
0.085400	 -0.042794	 0.091237	 0.000536	 -0.002012	 -0.003243	 
0.120307	 -0.037296	 0.100279	 0.001460	 -0.002126	 -0.003262	 
0.152283	 -0.026142	 0.107501	 0.002261	 -0.001902	 -0.003280	 
-0.048814	 -0.001178	 0.103399	 -0.002278	 -0.001183	 -0.003147	 
-0.015881	 -0.008955	 0.095950	 -0.001530	 -0.001329	 -0.003228	 
0.017918	 -0.012780	 0.088534	 -0.000733	 -0.001356	 -0.003219	 
0.050477	 -0.016833	 0.082489	 -0.000085	 -0.001545	 -0.003312	 
0.083300	 -0.013574	 0.088787	 0.000547	 -0.001359	 -0.003156	 
0.117090	 -0.010514	 0.096292	 0.001340	 -0.001401	 -0.003148	 
0.149839	 -0.002043	 0.103397	 0.002153	 -0.001191	 -0.003137	 
-0.045775	 0.023206	 0.098568	 -0.002167	 -0.000594	 -0.003050	 
-0.013433	 0.018372	 0.092738	 -0.001333	 -0.000759	 -0.003122	 
0.018834	 0.018244	 0.086871	 -0.000685	 -0.000729	 -0.003213	 
0.050301	 0.018810	 0.082178	 -0.000030	 -0.000777	 -0.003298	 
0.082106	 0.017459	 0.086986	 0.000610	 -0.000721	 -0.003164	 
0.114517	 0.017126	 0.092754	 0.001224	 -0.000811	 -0.003052	 
0.147017	 0.022592	 0.098251	 0.002092	 -0.000642	 -0.002978	 
-0.051138	 0.050155	 0.097053	 -0.002364	 0.000093	 -0.002896	 
-0.017165	 0.047655	 0.091942	 -0.001435	 -0.000043	 -0.003052	 
0.016326	 0.050769	 0.087437	 -0.000745	 0.000045	 -0.003221	 
0.049560	 0.054661	 0.083457	 0.000043	 0.000078	 -0.003305	 
0.083321	 0.049492	 0.087429	 0.000776	 -0.000021	 -0.003207	 
0.116856	 0.046566	 0.091942	 0.001396	 -0.000109	 -0.003023	 
0.150442	 0.049593	 0.096815	 0.002278	 0.000018	 -0.002965	 
-0.052012	 0.075203	 0.099764	 -0.002342	 0.000710	 -0.003003	 
-0.018619	 0.076396	 0.093786	 -0.001362	 0.000631	 -0.003178	 
0.015301	 0.082890	 0.089133	 -0.000657	 0.000799	 -0.003361	 
0.049145	 0.090285	 0.084686	 0.000049	 0.000882	 -0.003477	 
0.083207	 0.080922	 0.088914	 0.000755	 0.000729	 -0.003383	 
0.117351	 0.074805	 0.093646	 0.001375	 0.000554	 -0.003120	 
0.151099	 0.073929	 0.099485	 0.002308	 0.000690	 -0.002943	 
-0.062661	 0.096675	 0.105412	 -0.002582	 0.001208	 -0.003020	 
-0.025183	 0.102681	 0.097608	 -0.001621	 0.001239	 -0.003209	 
0.011789	 0.113023	 0.091528	 -0.000729	 0.001349	 -0.003302	 
0.048936	 0.125045	 0.086162	 0.000066	 0.001601	 -0.003474	 
0.085470	 0.111033	 0.090908	 0.000854	 0.001344	 -0.003344	 
0.122516	 0.101052	 0.097015	 0.001643	 0.001171	 -0.003176	 
0.160738	 0.095784	 0.104533	 0.002508	 0.001329	 -0.003060	 
-0.070278	 0.118523	 0.108823	 -0.002601	 0.001536	 -0.003077	 
-0.030547	 0.127983	 0.101180	 -0.001673	 0.001779	 -0.003273	 
0.009450	 0.142594	 0.093620	 -0.000756	 0.001841	 -0.003454	 
0.049252	 0.158094	 0.087867	 0.000028	 0.002271	 -0.003588	 
0.088301	 0.140552	 0.092842	 0.000859	 0.001874	 -0.003475	 
0.128649	 0.126526	 0.100402	 0.001734	 0.001788	 -0.003271	 
0.169200	 0.118701	 0.107668	 0.002637	 0.001592	 -0.003112	 
-0.053104	 -0.022847	 0.118169	 -0.002549	 -0.002266	 -0.003431	 
-0.019039	 -0.023176	 0.108877	 -0.001767	 -0.002061	 -0.003611	 
0.015252	 -0.027310	 0.100030	 -0.000863	 -0.002114	 -0.003780	 
0.050260	 -0.035066	 0.092240	 -0.000051	 -0.002017	 -0.003741	 
0.085005	 -0.026141	 0.100236	 0.000751	 -0.002153	 -0.003703	 
0.120091	 -0.022155	 0.109407	 0.001606	 -0.002081	 -0.003712	 
0.155350	 -0.022613	 0.119138	 0.002404	 -0.002330	 -0.003834	 
-0.047854	 0.001108	 0.114366	 -0.002618	 -0.001360	 -0.003463	 
-0.015655	 0.000653	 0.106016	 -0.001678	 -0.001324	 -0.003489	 
0.017234	 -0.002776	 0.098366	 -0.000815	 -0.001457	 -0.003629	 
0.050334	 -0.009302	 0.091807	 -0.000068	 -0.001388	 -0.003568	 
0.083048	 -0.002692	 0.098491	 0.000702	 -0.001469	 -0.003569	 
0.116573	 0.000511	 0.106086	 0.001544	 -0.001316	 -0.003600	 
0.149001	 0.000931	 0.114416	 0.002319	 -0.001388	 -0.003719	 
-0.046177	 0.025118	 0.110477	 -0.002617	 -0.000544	 -0.003307	 
-0.014164	 0.024145	 0.103748	 -0.001543	 -0.000608	 -0.003487	 
0.017966	 0.021534	 0.097435	 -0.000739	 -0.000735	 -0.003574	 
0.050388	 0.015099	 0.092080	 0.000011	 -0.000755	 -0.003641	 
0.082457	 0.020783	 0.097641	 0.000707	 -0.000794	 -0.003586	 
0.114529	 0.023129	 0.103723	 0.001477	 -0.000634	 -0.003547	 
0.146005	 0.023917	 0.110177	 0.002193	 -0.000589	 -0.003404	 
-0.044823	 0.047353	 0.108197	 -0.002375	 0.000037	 -0.003366	 
-0.014120	 0.047115	 0.102628	 -0.001528	 -0.000017	 -0.003489	 
0.017558	 0.045431	 0.097420	 -0.000776	 0.000020	 -0.003571	 
0.050194	 0.039389	 0.092597	 0.000031	 -0.000043	 -0.003670	 
0.082906	 0.044272	 0.097604	 0.000822	 -0.000119	 -0.003577	 
0.114848	 0.045962	 0.102840	 0.001569	 -0.000107	 -0.003566	 
0.145613	 0.046020	 0.108206	 0.002229	 -0.000113	 -0.003559	 
-0.045204	 0.070068	 0.110320	 -0.002406	 0.000550	 -0.003406	 
-0.014740	 0.070396	 0.103985	 -0.001433	 0.000612	 -0.003510	 
0.017439	 0.069397	 0.098251	 -0.000658	 0.000583	 -0.003585	 
0.049983	 0.064544	 0.093131	 0.000037	 0.000482	 -0.003708	 
0.083083	 0.067991	 0.098444	 0.000760	 0.000521	 -0.003553	 
0.115704	 0.069710	 0.104208	 0.001461	 0.000618	 -0.003548	 
0.146546	 0.069533	 0.110345	 0.002265	 0.000576	 -0.003525	 
-0.043679	 0.094793	 0.112812	 -0.002246	 0.001339	 -0.003478	 
-0.014244	 0.094391	 0.105551	 -0.001434	 0.001233	 -0.003582	 
0.017493	 0.094474	 0.099412	 -0.000602	 0.001201	 -0.003524	 
0.049417	 0.091815	 0.093704	 0.000074	 0.000972	 -0.003666	 
0.082147	 0.093198	 0.099239	 0.000808	 0.001148	 -0.003514	 
0.114555	 0.094147	 0.105357	 0.001559	 0.001274	 -0.003530	 
0.145967	 0.094113	 0.112504	 0.002367	 0.001331	 -0.003473	 
-0.051167	 0.117880	 0.115507	 -0.002105	 0.002249	 -0.003480	 
-0.018803	 0.118340	 0.107818	 -0.001291	 0.001936	 -0.003579	 
0.014137	 0.119505	 0.100803	 -0.000518	 0.001858	 -0.003578	 
0.049049	 0.119157	 0.094561	 0.000131	 0.001511	 -0.003672	 
0.085095	 0.119033	 0.100297	 0.000757	 0.001837	 -0.003611	 
0.119219	 0.118786	 0.107387	 0.001419	 0.002006	 -0.003598	 
0.153183	 0.116802	 0.114846	 0.002243	 0.002058	 -0.003361	 
-0.012891	 -0.048472	 0.120964	 -0.001812	 -0.002925	 -0.004273	 
0.007144	 -0.048032	 0.114739	 -0.001362	 -0.002625	 -0.004237	 
0.028201	 -0.060578	 0.108769	 -0.000782	 -0.002930	 -0.004103	 
0.049912	 -0.069454	 0.103140	 -0.000044	 -0.002725	 -0.004180	 
0.070032	 -0.058223	 0.109020	 0.000650	 -0.002972	 -0.004255	 
0.090009	 -0.044576	 0.114628	 0.001319	 -0.002725	 -0.004196	 
0.109214	 -0.045298	 0.120447	 0.002013	 -0.003014	 -0.004286	 
-0.014124	 -0.016935	 0.119528	 -0.001921	 -0.001898	 -0.004164	 
0.006877	 -0.015760	 0.113475	 -0.001357	 -0.001724	 -0.004213	 
0.028029	 -0.026031	 0.108300	 -0.000714	 -0.001974	 -0.004177	 
0.049472	 -0.034105	 0.103492	 -0.000012	 -0.001943	 -0.004112	 
0.069789	 -0.024499	 0.108396	 0.000651	 -0.001941	 -0.004162	 
0.090225	 -0.011974	 0.113035	 0.001258	 -0.001703	 -0.004202	 
0.110333	 -0.013135	 0.118569	 0.001766	 -0.001896	 -0.004275	 
-0.011740	 0.015761	 0.116627	 -0.001735	 -0.000887	 -0.004129	 
0.008674	 0.016258	 0.111862	 -0.001213	 -0.000883	 -0.004186	 
0.029297	 0.008977	 0.107501	 -0.000616	 -0.001002	 -0.004128	 
0.049344	 0.003026	 0.103759	 0.000099	 -0.001026	 -0.004166	 
0.068701	 0.010329	 0.107526	 0.000693	 -0.001010	 -0.004114	 
0.089383	 0.020019	 0.111602	 0.001226	 -0.000824	 -0.004168	 
0.110209	 0.019635	 0.116144	 0.001725	 -0.000880	 -0.004205	 
-0.010757	 0.048411	 0.115547	 -0.001556	 0.000033	 -0.004135	 
0.009469	 0.048684	 0.111496	 -0.001020	 -0.000032	 -0.004263	 
0.029655	 0.045280	 0.107578	 -0.000438	 -0.000234	 -0.004172	 
0.049675	 0.042246	 0.104273	 0.000129	 -0.000247	 -0.004261	 
0.069341	 0.047142	 0.107545	 0.000642	 -0.000143	 -0.004126	 
0.089925	 0.052467	 0.111361	 0.001155	 0.000102	 -0.004166	 
0.110872	 0.052212	 0.115314	 0.001645	 0.000084	 -0.004202	 
-0.012088	 0.080912	 0.116997	 -0.001644	 0.000790	 -0.004151	 
0.009160	 0.081513	 0.112395	 -0.001022	 0.000813	 -0.004200	 
0.029794	 0.082208	 0.108331	 -0.000485	 0.000805	 -0.004161	 
0.050405	 0.080548	 0.104639	 0.000107	 0.000818	 -0.004228	 
0.071058	 0.084385	 0.108506	 0.000610	 0.000849	 -0.004124	 
0.092020	 0.085355	 0.112643	 0.001117	 0.000955	 -0.004123	 
0.113559	 0.084712	 0.117255	 0.001640	 0.001036	 -0.004197	 
-0.017397	 0.113616	 0.120294	 -0.001461	 0.001896	 -0.004097	 
0.004972	 0.113412	 0.114874	 -0.000987	 0.001795	 -0.004192	 
0.027629	 0.117228	 0.109955	 -0.000464	 0.001973	 -0.004092	 
0.050624	 0.116163	 0.105158	 0.000063	 0.001772	 -0.004106	 
0.074578	 0.118601	 0.109647	 0.000606	 0.001875	 -0.004069	 
0.098265	 0.116724	 0.114621	 0.001094	 0.001824	 -0.004185	 
0.120997	 0.115760	 0.120122	 0.001640	 0.001993	 -0.004180	 
-0.014961	 0.145702	 0.120222	 -0.001554	 0.002969	 -0.004180	 
0.006584	 0.144269	 0.115091	 -0.000920	 0.002701	 -0.004060	 
0.029170	 0.149498	 0.110074	 -0.000416	 0.002933	 -0.004117	 
0.050705	 0.150887	 0.105686	 0.000034	 0.002580	 -0.004040	 
0.074234	 0.150299	 0.109478	 0.000535	 0.002894	 -0.004069	 
0.098533	 0.147263	 0.114825	 0.000931	 0.002689	 -0.004099	 
0.122064	 0.146891	 0.120372	 0.001338	 0.003220	 -0.004127	 
-0.008562	 -0.049589	 0.133995	 -0.001791	 -0.003688	 -0.005159	 
0.009883	 -0.045929	 0.127566	 -0.001228	 -0.003640	 -0.005071	 
0.029009	 -0.036207	 0.121294	 -0.000639	 -0.003155	 -0.005116	 
0.048120	 -0.023157	 0.117500	 0.000027	 -0.002459	 -0.005069	 
0.066715	 -0.035157	 0.122000	 0.000661	 -0.003214	 -0.005130	 
0.085268	 -0.041534	 0.127800	 0.001273	 -0.003530	 -0.005138	 
0.103353	 -0.045146	 0.133826	 0.001989	 -0.003207	 -0.005262	 
-0.010877	 -0.014004	 0.131739	 -0.001795	 -0.002179	 -0.005158	 
0.008255	 -0.011804	 0.126261	 -0.001190	 -0.002178	 -0.005075	 
0.028055	 -0.004179	 0.120639	 -0.000644	 -0.001931	 -0.005094	 
0.048350	 0.006092	 0.117068	 0.000034	 -0.001242	 -0.005002	 
0.068420	 -0.004933	 0.121174	 0.000774	 -0.002020	 -0.005072	 
0.088654	 -0.009805	 0.126413	 0.001394	 -0.002242	 -0.005142	 
0.108306	 -0.012702	 0.131944	 0.001916	 -0.001960	 -0.005143	 
-0.015320	 0.020347	 0.130538	 -0.002048	 -0.000917	 -0.004826	 
0.005938	 0.021928	 0.125490	 -0.001265	 -0.000862	 -0.005020	 
0.027460	 0.028093	 0.120173	 -0.000656	 -0.000685	 -0.004946	 
0.049363	 0.035235	 0.116767	 0.000210	 -0.000251	 -0.005004	 
0.071081	 0.025011	 0.120604	 0.000992	 -0.000973	 -0.004924	 
0.093272	 0.021791	 0.125589	 0.001751	 -0.000981	 -0.005031	 
0.114770	 0.019063	 0.130540	 0.002408	 -0.000797	 -0.004935	 
-0.015468	 0.052360	 0.129929	 -0.001887	 0.000035	 -0.004768	 
0.006417	 0.054904	 0.125231	 -0.001215	 0.000139	 -0.005011	 
0.028306	 0.060366	 0.120302	 -0.000489	 0.000353	 -0.005037	 
0.050626	 0.064427	 0.116767	 0.000233	 0.000689	 -0.005053	 
0.073703	 0.054771	 0.120664	 0.001035	 0.000103	 -0.004900	 
0.097175	 0.052955	 0.125498	 0.001817	 0.000148	 -0.004868	 
0.120110	 0.049667	 0.130139	 0.002471	 0.000112	 -0.004765	 
-0.014732	 0.084229	 0.130626	 -0.001848	 0.000901	 -0.005012	 
0.007379	 0.087818	 0.125710	 -0.001018	 0.001189	 -0.005043	 
0.029486	 0.092519	 0.120774	 -0.000444	 0.001345	 -0.004912	 
0.051843	 0.093975	 0.116795	 0.000143	 0.001529	 -0.004915	 
0.075544	 0.084516	 0.121320	 0.000936	 0.001012	 -0.004923	 
0.099485	 0.083905	 0.126669	 0.001619	 0.001196	 -0.004869	 
0.122764	 0.079652	 0.131797	 0.002388	 0.000835	 -0.004846	 
-0.014158	 0.116478	 0.132235	 -0.001687	 0.001937	 -0.004877	 
0.008194	 0.120499	 0.126984	 -0.001136	 0.002283	 -0.004895	 
0.030355	 0.124604	 0.121728	 -0.000507	 0.002220	 -0.004813	 
0.052494	 0.125127	 0.116757	 0.000102	 0.002320	 -0.004756	 
0.076391	 0.114590	 0.121660	 0.000760	 0.001894	 -0.004777	 
0.100568	 0.115341	 0.127392	 0.001388	 0.002233	 -0.004900	 
0.123505	 0.109693	 0.133454	 0.001898	 0.001802	 -0.004879	 
-0.012580	 0.148611	 0.132867	 -0.001532	 0.002857	 -0.004806	 
0.009113	 0.153422	 0.127902	 -0.000958	 0.003342	 -0.004701	 
0.030521	 0.156810	 0.122332	 -0.000424	 0.003068	 -0.004669	 
0.053752	 0.156687	 0.117095	 -0.000041	 0.003035	 -0.004690	 
0.078082	 0.145053	 0.121821	 0.000487	 0.002874	 -0.004715	 
0.102337	 0.146957	 0.127716	 0.000872	 0.003260	 -0.004803	 
0.125679	 0.139046	 0.133576	 0.001150	 0.002626	 -0.004814	 
0.008640	 -0.048298	 0.145699	 -0.000703	 -0.005316	 -0.006330	 
0.022400	 -0.030587	 0.141870	 -0.000495	 -0.003538	 -0.006439	 
0.036701	 -0.029081	 0.141280	 -0.000134	 -0.002941	 -0.006686	 
0.050492	 -0.026600	 0.141008	 0.000161	 -0.003023	 -0.006853	 
0.064472	 -0.023009	 0.142405	 0.000533	 -0.002604	 -0.006732	 
0.078741	 -0.026249	 0.144041	 0.001001	 -0.003016	 -0.006568	 
0.092934	 -0.039710	 0.147534	 0.001226	 -0.004354	 -0.006446	 
0.007921	 -0.017355	 0.143792	 -0.000684	 -0.003730	 -0.006355	 
0.021947	 -0.004618	 0.140544	 -0.000518	 -0.002528	 -0.006357	 
0.036543	 -0.005895	 0.139896	 -0.000177	 -0.002180	 -0.006555	 
0.050767	 -0.003539	 0.139697	 0.000168	 -0.002097	 -0.006753	 
0.065139	 0.000537	 0.140779	 0.000575	 -0.001807	 -0.006573	 
0.079804	 -0.001241	 0.142017	 0.001043	 -0.002148	 -0.006451	 
0.094395	 -0.010110	 0.145150	 0.001437	 -0.002884	 -0.006288	 
0.006853	 0.012749	 0.141536	 -0.000924	 -0.002183	 -0.006458	 
0.021667	 0.021538	 0.138718	 -0.000704	 -0.001441	 -0.006289	 
0.036584	 0.017391	 0.138268	 -0.000206	 -0.001273	 -0.006553	 
0.051139	 0.019389	 0.138317	 0.000213	 -0.001000	 -0.006595	 
0.065681	 0.024240	 0.139148	 0.000638	 -0.000749	 -0.006481	 
0.080666	 0.024076	 0.140182	 0.001256	 -0.001178	 -0.006268	 
0.095793	 0.019016	 0.142704	 0.001699	 -0.001538	 -0.006122	 
0.006324	 0.044735	 0.140544	 -0.001252	 -0.000482	 -0.006105	 
0.021865	 0.048654	 0.138165	 -0.000913	 -0.000290	 -0.006259	 
0.037212	 0.041359	 0.137595	 -0.000329	 -0.000391	 -0.006474	 
0.051941	 0.042589	 0.137480	 0.000271	 -0.000038	 -0.006615	 
0.066586	 0.048782	 0.138344	 0.000765	 0.000107	 -0.006447	 
0.082058	 0.049947	 0.139359	 0.001432	 -0.000167	 -0.006010	 
0.097828	 0.049315	 0.141289	 0.001861	 -0.000015	 -0.005948	 
0.004820	 0.075917	 0.141262	 -0.001651	 0.000859	 -0.006005	 
0.021137	 0.075663	 0.138551	 -0.001254	 0.000967	 -0.006084	 
0.036919	 0.065873	 0.137455	 -0.000485	 0.000399	 -0.006270	 
0.051775	 0.065564	 0.137058	 0.000107	 0.000621	 -0.006409	 
0.066225	 0.073057	 0.138377	 0.000703	 0.000922	 -0.006353	 
0.081882	 0.075862	 0.139601	 0.001349	 0.001006	 -0.006058	 
0.097561	 0.079919	 0.141987	 0.001740	 0.001547	 -0.005866	 
0.001434	 0.105068	 0.143352	 -0.002184	 0.001885	 -0.005773	 
0.018482	 0.101468	 0.140065	 -0.001528	 0.001863	 -0.005932	 
0.035577	 0.090185	 0.137987	 -0.000796	 0.001016	 -0.006085	 
0.050845	 0.088718	 0.136782	 -0.000054	 0.001261	 -0.006115	 
0.064327	 0.097446	 0.138117	 0.000588	 0.001753	 -0.006175	 
0.079517	 0.101570	 0.139221	 0.001094	 0.001876	 -0.005896	 
0.094001	 0.108764	 0.142340	 0.001374	 0.002611	 -0.005708	 
-0.002470	 0.134196	 0.145513	 -0.002574	 0.003074	 -0.005637	 
0.014642	 0.126457	 0.142257	 -0.001652	 0.002728	 -0.005896	 
0.032255	 0.114093	 0.139070	 -0.000771	 0.001700	 -0.006057	 
0.048364	 0.111277	 0.136648	 -0.000110	 0.001891	 -0.006080	 
0.061427	 0.122033	 0.137619	 0.000397	 0.002627	 -0.005986	 
0.076106	 0.127294	 0.138817	 0.000724	 0.002541	 -0.005720	 
0.089263	 0.136965	 0.141835	 0.000963	 0.003126	 -0.005515	 
-0.006882	 0.003232	 0.168369	 -0.000000	 -0.002540	 -0.007776	 
0.012942	 0.006509	 0.168681	 -0.000150	 -0.001304	 -0.007784	 
0.033097	 0.013276	 0.168712	 0.000165	 -0.001110	 -0.008121	 
0.054624	 0.014571	 0.168134	 0.000713	 -0.001176	 -0.008357	 
0.076312	 0.010612	 0.169363	 0.001196	 -0.001369	 -0.008208	 
0.097345	 0.009789	 0.169865	 0.001625	 -0.001116	 -0.008008	 
0.118309	 0.012748	 0.169756	 0.001884	 -0.000540	 -0.007953	 
-0.008982	 0.015914	 0.166525	 -0.000584	 -0.002503	 -0.007794	 
0.011177	 0.019910	 0.167206	 -0.000457	 -0.001089	 -0.007812	 
0.031393	 0.026818	 0.167541	 -0.000053	 -0.000863	 -0.008296	 
0.053020	 0.028210	 0.166970	 0.000580	 -0.000959	 -0.008472	 
0.074832	 0.024794	 0.167871	 0.001166	 -0.000898	 -0.008236	 
0.095942	 0.023743	 0.168169	 0.001706	 -0.000657	 -0.008008	 
0.116924	 0.026260	 0.167938	 0.002239	 -0.000143	 -0.007803	 
-0.013460	 0.028208	 0.164693	 -0.000896	 -0.002539	 -0.007702	 
0.007244	 0.032316	 0.165716	 -0.000789	 -0.000980	 -0.007773	 
0.028456	 0.039559	 0.166429	 -0.000376	 -0.000484	 -0.008166	 
0.051676	 0.041265	 0.165768	 0.000379	 -0.000682	 -0.008496	 
0.075046	 0.038356	 0.166476	 0.000971	 -0.000449	 -0.008241	 
0.097269	 0.037627	 0.166648	 0.001606	 -0.000171	 -0.007878	 
0.119059	 0.039730	 0.166095	 0.002211	 0.000416	 -0.007492	 
-0.018318	 0.040787	 0.163608	 -0.001930	 -0.002322	 -0.007246	 
0.003014	 0.044642	 0.164760	 -0.001471	 -0.000898	 -0.007637	 
0.025229	 0.051591	 0.165419	 -0.000784	 -0.000206	 -0.008168	 
0.049642	 0.053863	 0.164746	 0.000071	 -0.000322	 -0.008540	 
0.074469	 0.051299	 0.165258	 0.000831	 0.000013	 -0.008323	 
0.097877	 0.051264	 0.165521	 0.001865	 0.000361	 -0.007781	 
0.120413	 0.052864	 0.164529	 0.002727	 0.000794	 -0.007283	 
-0.023808	 0.053942	 0.164824	 -0.002632	 -0.002000	 -0.007326	 
-0.001535	 0.057226	 0.164852	 -0.002000	 -0.000584	 -0.007665	 
0.021698	 0.063753	 0.164996	 -0.001288	 0.000340	 -0.007976	 
0.046407	 0.066900	 0.164271	 -0.000479	 0.000205	 -0.008341	 
0.071778	 0.064439	 0.164959	 0.000353	 0.000521	 -0.008293	 
0.095555	 0.064663	 0.165683	 0.001298	 0.000840	 -0.007779	 
0.118433	 0.065327	 0.165482	 0.002049	 0.000956	 -0.007253	 
-0.025313	 0.067444	 0.166361	 -0.003038	 -0.001344	 -0.007490	 
-0.003229	 0.070852	 0.165597	 -0.002275	 -0.000092	 -0.007733	 
0.019461	 0.076564	 0.165016	 -0.001651	 0.000814	 -0.007967	 
0.043282	 0.080358	 0.164836	 -0.000860	 0.000859	 -0.008136	 
0.067999	 0.077616	 0.165005	 -0.000070	 0.001060	 -0.008485	 
0.090983	 0.078188	 0.165980	 0.000775	 0.001357	 -0.007794	 
0.113454	 0.077266	 0.167134	 0.001708	 0.001177	 -0.007276	 
-0.027619	 0.081314	 0.167677	 -0.003878	 -0.000541	 -0.007536	 
-0.004779	 0.084769	 0.166856	 -0.002856	 0.000310	 -0.007736	 
0.018113	 0.090148	 0.166127	 -0.002029	 0.001478	 -0.007759	 
0.040949	 0.093872	 0.165849	 -0.001297	 0.001469	 -0.008070	 
0.064529	 0.090644	 0.165494	 -0.000555	 0.001560	 -0.008149	 
0.086523	 0.091809	 0.166236	 0.000261	 0.001937	 -0.007733	 
0.108781	 0.089901	 0.167903	 0.001186	 0.001317	 -0.007242	 
-0.009606	 0.008687	 0.201990	 -0.002985	 0.000554	 -0.009111	 
0.009768	 0.006449	 0.201269	 -0.002385	 -0.000549	 -0.009268	 
0.029354	 0.006498	 0.200411	 -0.001711	 -0.000780	 -0.009904	 
0.048929	 0.004772	 0.199970	 -0.001024	 -0.001085	 -0.009882	 
0.068257	 0.002328	 0.200847	 -0.000374	 -0.001782	 -0.009981	 
0.087919	 0.003548	 0.201701	 0.000218	 -0.001573	 -0.009492	 
0.107900	 0.004162	 0.202383	 0.001083	 -0.001560	 -0.009379	 
-0.007929	 0.022972	 0.200295	 -0.002648	 0.000821	 -0.009262	 
0.011061	 0.021599	 0.200016	 -0.002095	 -0.000050	 -0.009633	 
0.030067	 0.021941	 0.199378	 -0.001405	 -0.000432	 -0.010009	 
0.049141	 0.020298	 0.198749	 -0.000740	 -0.000769	 -0.009966	 
0.068197	 0.017864	 0.199118	 -0.000087	 -0.001314	 -0.010171	 
0.087173	 0.018258	 0.200589	 0.000559	 -0.001406	 -0.009811	 
0.106419	 0.018771	 0.201137	 0.001273	 -0.001291	 -0.009640	 
-0.007084	 0.037376	 0.198173	 -0.002252	 0.000983	 -0.009466	 
0.011584	 0.036929	 0.198713	 -0.001649	 0.000435	 -0.009692	 
0.029857	 0.037702	 0.198232	 -0.001171	 0.000069	 -0.010228	 
0.047941	 0.036188	 0.197524	 -0.000824	 -0.000261	 -0.010229	 
0.066105	 0.033726	 0.197822	 -0.000441	 -0.000647	 -0.010286	 
0.084554	 0.033007	 0.198917	 -0.000008	 -0.001183	 -0.009935	 
0.103240	 0.033294	 0.199831	 0.000457	 -0.001101	 -0.009414	 
-0.006512	 0.051982	 0.196558	 -0.001978	 0.001372	 -0.009466	 
0.012307	 0.052208	 0.197076	 -0.001426	 0.000916	 -0.010004	 
0.030482	 0.053909	 0.195794	 -0.000851	 0.000681	 -0.010503	 
0.048440	 0.052421	 0.194712	 -0.000388	 0.000319	 -0.010634	 
0.066498	 0.049634	 0.195217	 0.000051	 -0.000148	 -0.010498	 
0.084608	 0.048045	 0.196976	 0.000427	 -0.000756	 -0.010203	 
0.103098	 0.047771	 0.197962	 0.000804	 -0.000960	 -0.009335	 
-0.005941	 0.066974	 0.196811	 -0.001832	 0.001772	 -0.009847	 
0.012779	 0.067438	 0.195584	 -0.001208	 0.001301	 -0.010203	 
0.031463	 0.070041	 0.194125	 -0.000511	 0.001297	 -0.010649	 
0.049916	 0.068539	 0.192973	 0.000179	 0.000704	 -0.010660	 
0.068452	 0.065297	 0.194073	 0.000876	 0.000238	 -0.010598	 
0.087037	 0.063109	 0.196156	 0.001471	 -0.000432	 -0.010292	 
0.105697	 0.062084	 0.198293	 0.002063	 -0.000755	 -0.009437	 
-0.006096	 0.081794	 0.197410	 -0.001823	 0.002098	 -0.010134	 
0.012897	 0.082791	 0.195396	 -0.000987	 0.001897	 -0.010355	 
0.031966	 0.086290	 0.193992	 -0.000063	 0.002051	 -0.010470	 
0.051103	 0.084924	 0.193453	 0.000749	 0.001277	 -0.010384	 
0.070494	 0.080777	 0.194806	 0.001570	 0.000591	 -0.010615	 
0.090236	 0.078097	 0.196437	 0.002457	 -0.000056	 -0.010119	 
0.109629	 0.076148	 0.199946	 0.003377	 -0.000710	 -0.009467	 
-0.006798	 0.096404	 0.197366	 -0.001501	 0.002339	 -0.010195	 
0.012774	 0.098243	 0.195589	 -0.000713	 0.002459	 -0.010450	 
0.032914	 0.102742	 0.195182	 0.000336	 0.002893	 -0.010537	 
0.052816	 0.101226	 0.195274	 0.001299	 0.001714	 -0.010385	 
0.072440	 0.096184	 0.196410	 0.002192	 0.001029	 -0.010462	 
0.092255	 0.093133	 0.197644	 0.003223	 0.000207	 -0.009845	 
0.112344	 0.090404	 0.200234	 0.004251	 -0.000483	 -0.009174	 
-0.001256	 0.001622	 0.234597	 -0.001271	 -0.001409	 -0.011271	 
0.015562	 0.001833	 0.233478	 -0.000868	 -0.001000	 -0.011216	 
0.032479	 0.002493	 0.232535	 -0.000499	 -0.000266	 -0.011470	 
0.049671	 0.003691	 0.232074	 -0.000088	 -0.000107	 -0.011612	 
0.067195	 0.004479	 0.232818	 0.000401	 0.000142	 -0.011808	 
0.084510	 0.003672	 0.233982	 0.000940	 0.000121	 -0.011272	 
0.101238	 0.004336	 0.234780	 0.001274	 0.000274	 -0.011135	 
0.000691	 0.017737	 0.233995	 -0.000482	 -0.001027	 -0.011364	 
0.017266	 0.017827	 0.232782	 -0.000267	 -0.000706	 -0.011674	 
0.033976	 0.018281	 0.232596	 0.000152	 -0.000109	 -0.011500	 
0.050598	 0.019443	 0.232021	 0.000495	 0.000195	 -0.011745	 
0.067183	 0.020119	 0.232527	 0.000804	 0.000285	 -0.011791	 
0.083559	 0.019885	 0.234217	 0.001002	 0.000497	 -0.011295	 
0.099844	 0.020613	 0.234867	 0.001087	 0.000628	 -0.011226	 
0.001017	 0.033577	 0.233060	 -0.000433	 -0.000672	 -0.011298	 
0.017611	 0.033669	 0.232313	 -0.000089	 -0.000538	 -0.011532	 
0.034385	 0.033805	 0.232231	 0.000257	 -0.000102	 -0.011499	 
0.051246	 0.034915	 0.231724	 0.000690	 0.000299	 -0.011628	 
0.068167	 0.035589	 0.232241	 0.001147	 0.000328	 -0.011634	 
0.084756	 0.035975	 0.233427	 0.001556	 0.000732	 -0.011099	 
0.101030	 0.036822	 0.234623	 0.001837	 0.000985	 -0.010496	 
0.002338	 0.049362	 0.231527	 -0.000378	 -0.000342	 -0.011508	 
0.018680	 0.049409	 0.231322	 -0.000087	 -0.000317	 -0.011837	 
0.034972	 0.049148	 0.230867	 0.000169	 -0.000053	 -0.011832	 
0.051148	 0.049946	 0.230405	 0.000419	 0.000265	 -0.011850	 
0.067346	 0.050553	 0.231388	 0.000705	 0.000230	 -0.011659	 
0.083320	 0.051684	 0.232436	 0.001002	 0.000650	 -0.011241	 
0.099097	 0.052778	 0.233383	 0.001120	 0.001067	 -0.010528	 
0.001872	 0.065095	 0.231362	 -0.000818	 -0.000163	 -0.011405	 
0.017913	 0.065202	 0.229866	 -0.000622	 -0.000021	 -0.012038	 
0.034050	 0.064539	 0.228874	 -0.000341	 0.000076	 -0.012260	 
0.050196	 0.064920	 0.228384	 -0.000016	 0.000327	 -0.012143	 
0.066290	 0.065475	 0.229764	 0.000293	 0.000165	 -0.011957	 
0.082124	 0.067336	 0.231123	 0.000504	 0.000584	 -0.011742	 
0.097684	 0.068987	 0.233107	 0.000639	 0.001138	 -0.011317	 
-0.000075	 0.080869	 0.232034	 -0.001413	 -0.000040	 -0.011588	 
0.016001	 0.080974	 0.229088	 -0.001205	 0.000211	 -0.012301	 
0.032371	 0.079945	 0.227129	 -0.000844	 0.000145	 -0.012635	 
0.048826	 0.079982	 0.226616	 -0.000432	 0.000398	 -0.012195	 
0.065047	 0.080561	 0.228110	 -0.000092	 0.000178	 -0.012352	 
0.081258	 0.082739	 0.229398	 0.000167	 0.000506	 -0.012133	 
0.097340	 0.085166	 0.231704	 0.000421	 0.001200	 -0.011908	 
-0.001700	 0.096534	 0.231673	 -0.001969	 0.000059	 -0.011648	 
0.014485	 0.096724	 0.228616	 -0.001669	 0.000376	 -0.012215	 
0.031335	 0.095236	 0.226215	 -0.001193	 0.000258	 -0.012741	 
0.048669	 0.095074	 0.226397	 -0.000598	 0.000484	 -0.012392	 
0.065808	 0.095970	 0.228024	 -0.000150	 0.000203	 -0.012528	 
0.082651	 0.098490	 0.229739	 0.000238	 0.000627	 -0.012112	 
0.099345	 0.101393	 0.231090	 0.000541	 0.001357	 -0.011566	 
0.003565	 0.000630	 0.269328	 0.000346	 -0.000592	 -0.012200	 
0.019598	 0.001533	 0.268866	 0.000473	 -0.000470	 -0.012181	 
0.035517	 0.000671	 0.267988	 0.000575	 -0.001097	 -0.012543	 
0.051189	 0.000541	 0.267417	 0.000668	 -0.001030	 -0.012726	 
0.066767	 0.000265	 0.267677	 0.000726	 -0.000836	 -0.012857	 
0.082443	 0.001420	 0.268718	 0.000683	 -0.000547	 -0.012422	 
0.098424	 0.001372	 0.269337	 0.000934	 -0.000463	 -0.012196	 
0.003061	 0.016949	 0.269198	 -0.000088	 -0.000567	 -0.012323	 
0.019009	 0.017542	 0.268581	 0.000078	 -0.000421	 -0.012432	 
0.034866	 0.016969	 0.268512	 0.000194	 -0.000808	 -0.012333	 
0.050572	 0.016761	 0.268157	 0.000254	 -0.000820	 -0.012551	 
0.066198	 0.016685	 0.268561	 0.000288	 -0.000699	 -0.012538	 
0.081937	 0.017777	 0.269420	 0.000302	 -0.000483	 -0.012207	 
0.097930	 0.017800	 0.269860	 0.000411	 -0.000374	 -0.012003	 
0.003534	 0.033429	 0.268661	 -0.000253	 -0.000469	 -0.012360	 
0.019264	 0.033666	 0.268422	 -0.000103	 -0.000305	 -0.012340	 
0.034791	 0.033522	 0.268362	 -0.000017	 -0.000466	 -0.012315	 
0.050086	 0.033249	 0.268206	 -0.000043	 -0.000546	 -0.012328	 
0.065256	 0.033407	 0.268338	 -0.000066	 -0.000322	 -0.012456	 
0.080587	 0.034312	 0.269054	 -0.000139	 -0.000191	 -0.012211	 
0.096253	 0.034513	 0.269609	 0.000012	 -0.000126	 -0.011779	 
0.003276	 0.049916	 0.267620	 -0.000246	 -0.000269	 -0.012463	 
0.018919	 0.049913	 0.267717	 -0.000194	 -0.000100	 -0.012594	 
0.034403	 0.050297	 0.267658	 -0.000159	 -0.000053	 -0.012491	 
0.049649	 0.050048	 0.267766	 -0.000198	 -0.000186	 -0.012475	 
0.064753	 0.050578	 0.268185	 -0.000258	 0.000125	 -0.012409	 
0.080114	 0.051007	 0.268687	 -0.000316	 0.000241	 -0.012221	 
0.095789	 0.051490	 0.268851	 -0.000106	 0.000399	 -0.011772	 
0.003329	 0.066453	 0.267741	 -0.000252	 0.000012	 -0.012279	 
0.018789	 0.066146	 0.266722	 -0.000212	 0.000010	 -0.012777	 
0.034044	 0.066966	 0.265956	 -0.000229	 0.000238	 -0.012955	 
0.049073	 0.066799	 0.265811	 -0.000331	 0.000182	 -0.012845	 
0.064071	 0.067726	 0.266578	 -0.000442	 0.000505	 -0.012788	 
0.079355	 0.067654	 0.267740	 -0.000493	 0.000606	 -0.012517	 
0.094936	 0.068297	 0.268574	 -0.000418	 0.000824	 -0.012190	 
0.004618	 0.083257	 0.267758	 0.000036	 0.000375	 -0.012563	 
0.019715	 0.082424	 0.265698	 -0.000073	 0.000193	 -0.013159	 
0.034634	 0.083580	 0.264485	 -0.000140	 0.000538	 -0.013270	 
0.049184	 0.083545	 0.264464	 -0.000362	 0.000499	 -0.012985	 
0.063774	 0.084689	 0.265255	 -0.000516	 0.000800	 -0.012997	 
0.078734	 0.084261	 0.266243	 -0.000587	 0.000931	 -0.012778	 
0.093865	 0.085155	 0.267207	 -0.000690	 0.001187	 -0.012677	 
0.004692	 0.100295	 0.267065	 0.000268	 0.000601	 -0.012711	 
0.019790	 0.098753	 0.264909	 0.000088	 0.000459	 -0.013368	 
0.034342	 0.100206	 0.263085	 -0.000082	 0.000755	 -0.013621	 
0.048675	 0.100292	 0.263316	 -0.000305	 0.000927	 -0.013408	 
0.063096	 0.101584	 0.264008	 -0.000440	 0.001122	 -0.013276	 
0.078020	 0.100819	 0.265960	 -0.000677	 0.001225	 -0.012845	 
0.092998	 0.102011	 0.266456	 -0.000716	 0.001546	 -0.012616	 
0.002085	 0.001878	 0.304755	 -0.000325	 -0.000525	 -0.012818	 
0.018148	 0.002443	 0.304880	 -0.000198	 -0.000412	 -0.012781	 
0.034153	 0.002497	 0.304349	 -0.000035	 -0.000380	 -0.013073	 
0.050066	 0.002594	 0.303994	 0.000016	 -0.000331	 -0.013164	 
0.065957	 0.002148	 0.303991	 0.000071	 -0.000335	 -0.013121	 
0.081832	 0.001798	 0.304378	 0.000120	 -0.000562	 -0.013042	 
0.097769	 0.001420	 0.304498	 0.000182	 -0.000750	 -0.012954	 
0.002148	 0.018114	 0.304801	 -0.000358	 -0.000345	 -0.013007	 
0.018098	 0.018409	 0.304842	 -0.000255	 -0.000243	 -0.013053	 
0.034057	 0.018440	 0.304665	 -0.000126	 -0.000229	 -0.013103	 
0.050034	 0.018457	 0.304602	 0.000011	 -0.000230	 -0.013125	 
0.066025	 0.018162	 0.304666	 0.000144	 -0.000215	 -0.013045	 
0.082062	 0.018040	 0.304849	 0.000300	 -0.000315	 -0.012931	 
0.098099	 0.017847	 0.305021	 0.000466	 -0.000513	 -0.012784	 
0.002082	 0.034276	 0.304458	 -0.000510	 -0.000135	 -0.013183	 
0.018011	 0.034367	 0.304727	 -0.000339	 -0.000090	 -0.013067	 
0.034014	 0.034358	 0.304448	 -0.000144	 -0.000065	 -0.013086	 
0.050051	 0.034311	 0.304414	 0.000069	 -0.000128	 -0.013089	 
0.066072	 0.034144	 0.304196	 0.000212	 -0.000141	 -0.013179	 
0.082092	 0.034244	 0.304693	 0.000383	 -0.000122	 -0.013028	 
0.098113	 0.034255	 0.304594	 0.000524	 -0.000218	 -0.012914	 
0.002196	 0.050398	 0.303622	 -0.000470	 0.000037	 -0.013138	 
0.018031	 0.050291	 0.304213	 -0.000319	 0.000035	 -0.013254	 
0.033964	 0.050204	 0.303951	 -0.000156	 0.000023	 -0.013179	 
0.049978	 0.050155	 0.304113	 0.000033	 -0.000008	 -0.013109	 
0.066010	 0.050164	 0.303943	 0.000182	 0.000002	 -0.013105	 
0.082036	 0.050413	 0.304359	 0.000371	 0.000053	 -0.013136	 
0.097989	 0.050681	 0.303936	 0.000500	 0.000085	 -0.012868	 
0.002796	 0.066537	 0.303957	 -0.000259	 0.000257	 -0.013108	 
0.018495	 0.066202	 0.303748	 -0.000142	 0.000166	 -0.013278	 
0.034171	 0.066040	 0.303103	 -0.000060	 0.000115	 -0.013355	 
0.049892	 0.065981	 0.302800	 0.000009	 0.000058	 -0.013266	 
0.065646	 0.066201	 0.303007	 0.000047	 0.000120	 -0.013207	 
0.081454	 0.066572	 0.303851	 0.000133	 0.000220	 -0.013142	 
0.097261	 0.067122	 0.304035	 0.000191	 0.000363	 -0.013024	 
0.003294	 0.082806	 0.304029	 -0.000095	 0.000483	 -0.013060	 
0.018805	 0.082042	 0.303409	 -0.000076	 0.000229	 -0.013298	 
0.034319	 0.081730	 0.302805	 -0.000059	 0.000165	 -0.013390	 
0.049803	 0.081677	 0.302671	 -0.000028	 0.000181	 -0.013398	 
0.065269	 0.082173	 0.302849	 -0.000028	 0.000242	 -0.013216	 
0.080727	 0.082708	 0.303360	 -0.000052	 0.000399	 -0.013195	 
0.096175	 0.083510	 0.303742	 -0.000042	 0.000596	 -0.013136	 
0.003813	 0.099215	 0.303479	 0.000138	 0.000714	 -0.013108	 
0.019147	 0.097842	 0.303100	 0.000064	 0.000261	 -0.013380	 
0.034401	 0.097308	 0.302240	 -0.000005	 0.000223	 -0.013594	 
0.049630	 0.097296	 0.302078	 -0.000062	 0.000303	 -0.013564	 
0.064864	 0.098102	 0.302080	 -0.000183	 0.000371	 -0.013341	 
0.080173	 0.098834	 0.303261	 -0.000245	 0.000582	 -0.013213	 
0.095511	 0.099879	 0.303283	 -0.000350	 0.000782	 -0.013111	 
0.002544	 0.002783	 0.340857	 -0.000304	 -0.000071	 -0.013419	 
0.018396	 0.002858	 0.341415	 -0.000145	 -0.000070	 -0.013416	 
0.034202	 0.003180	 0.341387	 -0.000046	 -0.000140	 -0.013494	 
0.049970	 0.003070	 0.341115	 0.000018	 -0.000180	 -0.013467	 
0.065716	 0.002856	 0.340886	 0.000073	 -0.000248	 -0.013559	 
0.081457	 0.002457	 0.340721	 0.000111	 -0.000206	 -0.013577	 
0.097231	 0.002035	 0.340225	 0.000169	 -0.000364	 -0.013508	 
0.002534	 0.018727	 0.341124	 -0.000207	 0.000017	 -0.013525	 
0.018353	 0.018698	 0.341517	 -0.000149	 -0.000038	 -0.013495	 
0.034159	 0.018874	 0.341578	 -0.000076	 -0.000054	 -0.013592	 
0.049960	 0.018784	 0.341542	 -0.000024	 -0.000090	 -0.013560	 
0.065759	 0.018670	 0.341277	 0.000048	 -0.000145	 -0.013558	 
0.081591	 0.018439	 0.340876	 0.000105	 -0.000127	 -0.013610	 
0.097460	 0.018293	 0.340575	 0.000187	 -0.000163	 -0.013540	 
0.002802	 0.034626	 0.341087	 -0.000196	 0.000024	 -0.013625	 
0.018547	 0.034526	 0.341571	 -0.000128	 0.000024	 -0.013608	 
0.034270	 0.034566	 0.341472	 -0.000050	 -0.000001	 -0.013617	 
0.049990	 0.034509	 0.341441	 -0.000020	 -0.000016	 -0.013556	 
0.065694	 0.034487	 0.340971	 0.000033	 -0.000021	 -0.013651	 
0.081430	 0.034431	 0.340927	 0.000069	 -0.000008	 -0.013619	 
0.097224	 0.034484	 0.340431	 0.000182	 -0.000010	 -0.013734	 
0.003046	 0.050507	 0.340431	 -0.000181	 0.000084	 -0.013679	 
0.018667	 0.050330	 0.341386	 -0.000132	 0.000077	 -0.013666	 
0.034286	 0.050263	 0.341128	 -0.000087	 0.000063	 -0.013659	 
0.049952	 0.050227	 0.341233	 -0.000030	 0.000050	 -0.013641	 
0.065615	 0.050299	 0.340681	 0.000048	 0.000046	 -0.013638	 
0.081298	 0.050410	 0.340773	 0.000080	 0.000100	 -0.013682	 
0.097015	 0.050621	 0.339928	 0.000179	 0.000143	 -0.013703	 
0.003433	 0.066390	 0.341015	 -0.000111	 0.000129	 -0.013623	 
0.018940	 0.066130	 0.341240	 -0.000093	 0.000122	 -0.013606	 
0.034433	 0.065952	 0.340878	 -0.000069	 0.000135	 -0.013621	 
0.049921	 0.065932	 0.340564	 -0.000041	 0.000163	 -0.013613	 
0.065402	 0.066114	 0.340324	 -0.000000	 0.000163	 -0.013636	 
0.080925	 0.066377	 0.340604	 0.000038	 0.000201	 -0.013638	 
0.096504	 0.066757	 0.340287	 0.000102	 0.000313	 -0.013639	 
0.003687	 0.082324	 0.341065	 -0.000084	 0.000232	 -0.013509	 
0.019112	 0.081952	 0.341262	 -0.000068	 0.000176	 -0.013477	 
0.034513	 0.081634	 0.341202	 -0.000037	 0.000184	 -0.013530	 
0.049898	 0.081592	 0.341121	 -0.000036	 0.000202	 -0.013552	 
0.065296	 0.081884	 0.340741	 -0.000022	 0.000269	 -0.013522	 
0.080743	 0.082331	 0.340704	 0.000011	 0.000286	 -0.013541	 
0.096202	 0.082923	 0.340542	 0.000033	 0.000445	 -0.013554	 
0.004070	 0.098286	 0.340899	 0.000062	 0.000320	 -0.013367	 
0.019377	 0.097779	 0.341321	 0.000020	 0.000236	 -0.013400	 
0.034614	 0.097322	 0.341148	 -0.000010	 0.000202	 -0.013501	 
0.049815	 0.097244	 0.341001	 -0.000079	 0.000210	 -0.013490	 
0.065015	 0.097607	 0.340586	 -0.000096	 0.000382	 -0.013490	 
0.080268	 0.098261	 0.340920	 -0.000119	 0.000344	 -0.013404	 
0.095573	 0.099090	 0.340358	 -0.000112	 0.000569	 -0.013474	 
0.001902	 0.002959	 0.377530	 -0.000490	 -0.000049	 -0.013903	 
0.017966	 0.003137	 0.378330	 -0.000361	 -0.000158	 -0.013890	 
0.034070	 0.003490	 0.378709	 -0.000154	 -0.000111	 -0.013889	 
0.050202	 0.003402	 0.378410	 0.000025	 -0.000112	 -0.013884	 
0.066338	 0.003356	 0.378058	 0.000201	 -0.000073	 -0.013953	 
0.082441	 0.002836	 0.377420	 0.000345	 -0.000134	 -0.013956	 
0.098529	 0.002421	 0.376275	 0.000514	 -0.000210	 -0.014148	 
0.002018	 0.018716	 0.377816	 -0.000401	 -0.000048	 -0.013916	 
0.018077	 0.018768	 0.378472	 -0.000240	 -0.000035	 -0.013886	 
0.034167	 0.018962	 0.378867	 -0.000087	 -0.000082	 -0.013980	 
0.050292	 0.018862	 0.378797	 0.000070	 -0.000108	 -0.013936	 
0.066418	 0.018861	 0.378355	 0.000217	 -0.000042	 -0.013955	 
0.082555	 0.018559	 0.377398	 0.000359	 -0.000043	 -0.014021	 
0.098687	 0.018368	 0.376546	 0.000531	 -0.000074	 -0.014158	 
0.002002	 0.034443	 0.378045	 -0.000339	 0.000074	 -0.013899	 
0.018012	 0.034349	 0.378788	 -0.000237	 0.000015	 -0.013866	 
0.034131	 0.034385	 0.378917	 -0.000101	 -0.000011	 -0.013962	 
0.050329	 0.034282	 0.378809	 0.000092	 -0.000081	 -0.013977	 
0.066528	 0.034311	 0.378192	 0.000237	 -0.000053	 -0.014060	 
0.082710	 0.034231	 0.377645	 0.000452	 -0.000008	 -0.014064	 
0.098818	 0.034267	 0.376689	 0.000549	 0.000023	 -0.014204	 
0.002317	 0.050116	 0.377674	 -0.000223	 0.000053	 -0.013827	 
0.018201	 0.049889	 0.378880	 -0.000161	 0.000007	 -0.013851	 
0.034245	 0.049726	 0.378764	 -0.000044	 -0.000001	 -0.013943	 
0.050355	 0.049662	 0.378817	 0.000093	 0.000006	 -0.014002	 
0.066455	 0.049719	 0.378052	 0.000191	 0.000002	 -0.014025	 
0.082579	 0.049862	 0.377662	 0.000390	 0.000002	 -0.014062	 
0.098587	 0.050121	 0.376361	 0.000411	 0.000042	 -0.014113	 
0.002743	 0.065750	 0.378496	 -0.000241	 0.000071	 -0.013847	 
0.018569	 0.065431	 0.378989	 -0.000112	 0.000022	 -0.013795	 
0.034421	 0.065067	 0.378938	 -0.000008	 -0.000005	 -0.013861	 
0.050360	 0.065043	 0.378535	 0.000091	 -0.000017	 -0.013897	 
0.066338	 0.065126	 0.378067	 0.000166	 0.000001	 -0.013961	 
0.082314	 0.065489	 0.377851	 0.000305	 0.000019	 -0.013980	 
0.098186	 0.065960	 0.377056	 0.000344	 0.000071	 -0.014101	 
0.003049	 0.081410	 0.378681	 -0.000156	 0.000053	 -0.013760	 
0.018756	 0.080964	 0.379154	 -0.000082	 0.000006	 -0.013647	 
0.034526	 0.080362	 0.379515	 -0.000030	 -0.000057	 -0.013591	 
0.050336	 0.080338	 0.379464	 0.000056	 -0.000002	 -0.013675	 
0.066101	 0.080468	 0.378952	 0.000134	 -0.000028	 -0.013746	 
0.081812	 0.081116	 0.378241	 0.000177	 0.000045	 -0.013809	 
0.097533	 0.081784	 0.377580	 0.000255	 0.000163	 -0.013862	 
0.003536	 0.097140	 0.378673	 -0.000168	 0.000068	 -0.013595	 
0.019124	 0.096483	 0.379565	 -0.000040	 -0.000037	 -0.013531	 
0.034648	 0.095621	 0.380032	 -0.000018	 -0.000085	 -0.013484	 
0.050227	 0.095647	 0.379747	 0.000041	 -0.000022	 -0.013511	 
0.065849	 0.095829	 0.379222	 0.000021	 -0.000070	 -0.013656	 
0.081428	 0.096770	 0.378826	 0.000130	 0.000114	 -0.013707	 
0.096952	 0.097616	 0.377785	 0.000110	 0.000127	 -0.013663	 
