0.000000	 0.000000	 0.000000	 0.000000	 0.000000	 0.000000	 
0.271636	 0.000000	 0.000000	 0.767866	 0.000000	 0.000000	 
0.474078	 0.000000	 0.000000	 1.055969	 0.000000	 0.000000	 
0.609003	 0.000000	 0.000000	 0.907709	 0.000000	 0.000000	 
0.698783	 0.000000	 0.000000	 0.721718	 0.000000	 0.000000	 
0.762002	 0.000000	 0.000000	 0.563703	 0.000000	 0.000000	 
0.805408	 0.000000	 0.000000	 0.454962	 0.000000	 0.000000	 
0.835800	 0.000000	 0.000000	 0.392989	 0.000000	 0.000000	 
0.860181	 0.000000	 0.000000	 0.346328	 0.000000	 0.000000	 
0.881848	 0.000000	 0.000000	 0.300168	 0.000000	 0.000000	 
0.902368	 0.000000	 0.000000	 0.261582	 0.000000	 0.000000	 
0.921999	 0.000000	 0.000000	 0.200448	 0.000000	 0.000000	 
0.940608	 0.000000	 0.000000	 0.155452	 0.000000	 0.000000	 
0.957909	 0.000000	 0.000000	 0.116552	 0.000000	 0.000000	 
0.973175	 0.000000	 0.000000	 0.086076	 0.000000	 0.000000	 
0.987430	 0.000000	 0.000000	 0.031928	 0.000000	 0.000000	 
1.000000	 0.000000	 0.000000	 0.000000	 0.000000	 0.000000	 
0.000000	 0.013694	 0.000000	 0.000000	 -0.054705	 0.000000	 
0.254868	 0.017571	 0.000000	 0.722629	 -0.018074	 0.000000	 
0.469442	 0.029892	 0.000000	 1.054431	 -0.016368	 0.000000	 
0.599291	 0.044035	 0.000000	 0.933233	 0.051323	 0.000000	 
0.692402	 0.054431	 0.000000	 0.725672	 0.054961	 0.000000	 
0.760088	 0.068255	 0.000000	 0.576495	 0.103702	 0.000000	 
0.805002	 0.091810	 0.000000	 0.480757	 0.171693	 0.000000	 
0.836734	 0.118722	 0.000000	 0.390659	 0.240140	 0.000000	 
0.860940	 0.136868	 0.000000	 0.313732	 0.292276	 0.000000	 
0.882777	 0.145380	 0.000000	 0.255115	 0.307172	 0.000000	 
0.903012	 0.159192	 0.000000	 0.197681	 0.361808	 0.000000	 
0.921307	 0.176664	 0.000000	 0.173646	 0.427281	 0.000000	 
0.937963	 0.194950	 0.000000	 0.120459	 0.505234	 0.000000	 
0.953105	 0.225606	 0.000000	 0.096024	 0.604570	 0.000000	 
0.969712	 0.228038	 0.000000	 0.057064	 0.640364	 0.000000	 
0.984007	 0.281163	 0.000000	 0.022958	 0.823556	 0.000000	 
1.000000	 0.266944	 0.000000	 0.000000	 0.792011	 0.000000	 
0.000000	 0.028355	 0.000000	 0.000000	 -0.108897	 0.000000	 
0.242232	 0.034589	 0.000000	 0.674153	 -0.023575	 0.000000	 
0.434261	 0.055738	 0.000000	 0.981801	 -0.025521	 0.000000	 
0.580401	 0.083609	 0.000000	 0.938300	 0.054636	 0.000000	 
0.673950	 0.103818	 0.000000	 0.775991	 0.123643	 0.000000	 
0.741582	 0.127565	 0.000000	 0.611633	 0.176401	 0.000000	 
0.782861	 0.164442	 0.000000	 0.486131	 0.241425	 0.000000	 
0.807963	 0.210756	 0.000000	 0.377957	 0.386297	 0.000000	 
0.830183	 0.255377	 0.000000	 0.296283	 0.520612	 0.000000	 
0.860004	 0.264673	 0.000000	 0.217283	 0.540181	 0.000000	 
0.878456	 0.305729	 0.000000	 0.136507	 0.679429	 0.000000	 
0.896672	 0.340464	 0.000000	 0.102026	 0.764420	 0.000000	 
0.909643	 0.392857	 0.000000	 0.028324	 0.896724	 0.000000	 
0.929166	 0.412240	 0.000000	 -0.008432	 0.946401	 0.000000	 
0.949048	 0.440233	 0.000000	 -0.016189	 1.016837	 0.000000	 
0.971585	 0.471542	 0.000000	 -0.018879	 1.108373	 0.000000	 
1.000000	 0.483494	 0.000000	 0.000000	 1.137965	 0.000000	 
0.000000	 0.044109	 0.000000	 0.000000	 -0.134006	 0.000000	 
0.224557	 0.051230	 0.000000	 0.614289	 -0.059008	 0.000000	 
0.424663	 0.082259	 0.000000	 0.957369	 -0.028283	 0.000000	 
0.550575	 0.118046	 0.000000	 0.948697	 0.059870	 0.000000	 
0.652020	 0.147832	 0.000000	 0.789557	 0.140216	 0.000000	 
0.718494	 0.184987	 0.000000	 0.620309	 0.211609	 0.000000	 
0.755324	 0.236948	 0.000000	 0.462480	 0.354628	 0.000000	 
0.775617	 0.298977	 0.000000	 0.312505	 0.516301	 0.000000	 
0.805823	 0.335022	 0.000000	 0.206975	 0.609964	 0.000000	 
0.827465	 0.379771	 0.000000	 0.133293	 0.707628	 0.000000	 
0.837394	 0.431805	 0.000000	 0.030328	 0.811743	 0.000000	 
0.849254	 0.478020	 0.000000	 -0.025397	 0.873162	 0.000000	 
0.860276	 0.532335	 0.000000	 -0.081321	 0.947941	 0.000000	 
0.884663	 0.567597	 0.000000	 -0.083036	 0.949806	 0.000000	 
0.917460	 0.592228	 0.000000	 -0.079233	 0.963225	 0.000000	 
0.954766	 0.617119	 0.000000	 -0.064456	 0.914691	 0.000000	 
1.000000	 0.611630	 0.000000	 0.000000	 0.953600	 0.000000	 
0.000000	 0.060401	 0.000000	 0.000000	 -0.191869	 0.000000	 
0.211615	 0.068310	 0.000000	 0.585896	 -0.081843	 0.000000	 
0.406588	 0.104782	 0.000000	 0.938930	 -0.043206	 0.000000	 
0.542697	 0.156776	 0.000000	 0.933338	 0.073129	 0.000000	 
0.628164	 0.192496	 0.000000	 0.804850	 0.169148	 0.000000	 
0.687478	 0.231750	 0.000000	 0.628022	 0.252367	 0.000000	 
0.715511	 0.293670	 0.000000	 0.434216	 0.397023	 0.000000	 
0.730886	 0.359409	 0.000000	 0.255963	 0.532480	 0.000000	 
0.753152	 0.403474	 0.000000	 0.141746	 0.609248	 0.000000	 
0.768342	 0.447899	 0.000000	 0.072026	 0.668703	 0.000000	 
0.760780	 0.516909	 0.000000	 -0.069869	 0.694375	 0.000000	 
0.781867	 0.554401	 0.000000	 -0.130035	 0.739510	 0.000000	 
0.792355	 0.614453	 0.000000	 -0.190533	 0.681890	 0.000000	 
0.833724	 0.649409	 0.000000	 -0.203937	 0.698965	 0.000000	 
0.882232	 0.676531	 0.000000	 -0.169619	 0.739745	 0.000000	 
0.940919	 0.697090	 0.000000	 -0.077439	 0.744002	 0.000000	 
1.000000	 0.702355	 0.000000	 0.000000	 0.723554	 0.000000	 
0.000000	 0.076644	 0.000000	 0.000000	 -0.243631	 0.000000	 
0.198203	 0.085749	 0.000000	 0.534715	 -0.132209	 0.000000	 
0.369421	 0.121071	 0.000000	 0.888686	 -0.064767	 0.000000	 
0.511281	 0.179272	 0.000000	 0.935908	 0.055449	 0.000000	 
0.599844	 0.236561	 0.000000	 0.787963	 0.207954	 0.000000	 
0.652150	 0.280677	 0.000000	 0.604912	 0.314829	 0.000000	 
0.662747	 0.346229	 0.000000	 0.367089	 0.413801	 0.000000	 
0.684564	 0.401278	 0.000000	 0.216967	 0.461154	 0.000000	 
0.671602	 0.468457	 0.000000	 0.054372	 0.489120	 0.000000	 
0.703263	 0.503816	 0.000000	 -0.040199	 0.548525	 0.000000	 
0.694396	 0.575786	 0.000000	 -0.184156	 0.527541	 0.000000	 
0.719019	 0.626076	 0.000000	 -0.237195	 0.526929	 0.000000	 
0.755375	 0.675356	 0.000000	 -0.300307	 0.556868	 0.000000	 
0.809071	 0.717968	 0.000000	 -0.242149	 0.552819	 0.000000	 
0.866674	 0.743326	 0.000000	 -0.229692	 0.597973	 0.000000	 
0.926751	 0.756574	 0.000000	 -0.094777	 0.576660	 0.000000	 
1.000000	 0.761990	 0.000000	 0.000000	 0.595312	 0.000000	 
0.000000	 0.092829	 0.000000	 0.000000	 -0.273776	 0.000000	 
0.198901	 0.104746	 0.000000	 0.555910	 -0.169454	 0.000000	 
0.365784	 0.148212	 0.000000	 0.896509	 -0.069061	 0.000000	 
0.466124	 0.196820	 0.000000	 0.887296	 0.028516	 0.000000	 
0.534181	 0.247013	 0.000000	 0.773798	 0.120482	 0.000000	 
0.583510	 0.300816	 0.000000	 0.601442	 0.190311	 0.000000	 
0.599708	 0.354637	 0.000000	 0.397567	 0.248172	 0.000000	 
0.625221	 0.411326	 0.000000	 0.254761	 0.307874	 0.000000	 
0.609175	 0.488090	 0.000000	 -0.029898	 0.328734	 0.000000	 
0.638303	 0.542936	 0.000000	 -0.111830	 0.404839	 0.000000	 
0.636585	 0.601875	 0.000000	 -0.239736	 0.379731	 0.000000	 
0.673934	 0.664739	 0.000000	 -0.345430	 0.418599	 0.000000	 
0.722729	 0.720130	 0.000000	 -0.356117	 0.443177	 0.000000	 
0.760624	 0.757258	 0.000000	 -0.302695	 0.435118	 0.000000	 
0.828721	 0.788035	 0.000000	 -0.283087	 0.468316	 0.000000	 
0.906601	 0.803078	 0.000000	 -0.170163	 0.477607	 0.000000	 
1.000000	 0.803927	 0.000000	 0.000000	 0.487826	 0.000000	 
0.000000	 0.111546	 0.000000	 0.000000	 -0.291933	 0.000000	 
0.147766	 0.119641	 0.000000	 0.364719	 -0.236561	 0.000000	 
0.271756	 0.148215	 0.000000	 0.576028	 -0.169211	 0.000000	 
0.382334	 0.193389	 0.000000	 0.693019	 -0.131758	 0.000000	 
0.453401	 0.240964	 0.000000	 0.671365	 -0.046195	 0.000000	 
0.521513	 0.302368	 0.000000	 0.618602	 0.074413	 0.000000	 
0.549087	 0.382133	 0.000000	 0.352017	 0.143263	 0.000000	 
0.557374	 0.443525	 0.000000	 0.161537	 0.188141	 0.000000	 
0.555868	 0.500086	 0.000000	 -0.033871	 0.179992	 0.000000	 
0.568260	 0.554735	 0.000000	 -0.148426	 0.183100	 0.000000	 
0.573305	 0.611032	 0.000000	 -0.345758	 0.130131	 0.000000	 
0.585407	 0.650905	 0.000000	 -0.479008	 0.087748	 0.000000	 
0.608363	 0.688978	 0.000000	 -0.586161	 0.115589	 0.000000	 
0.670995	 0.745968	 0.000000	 -0.576868	 0.226612	 0.000000	 
0.781796	 0.808104	 0.000000	 -0.411069	 0.351294	 0.000000	 
0.890043	 0.835348	 0.000000	 -0.231404	 0.407540	 0.000000	 
1.000000	 0.837800	 0.000000	 0.000000	 0.402700	 0.000000	 
0.000000	 0.133905	 0.000000	 0.000000	 -0.354455	 0.000000	 
0.127741	 0.141847	 0.000000	 0.285166	 -0.308408	 0.000000	 
0.248047	 0.170849	 0.000000	 0.475948	 -0.264119	 0.000000	 
0.334378	 0.212720	 0.000000	 0.594245	 -0.207720	 0.000000	 
0.402733	 0.258192	 0.000000	 0.593177	 -0.124724	 0.000000	 
0.464423	 0.306089	 0.000000	 0.567159	 -0.056372	 0.000000	 
0.483654	 0.361260	 0.000000	 0.417693	 -0.056753	 0.000000	 
0.492303	 0.429706	 0.000000	 0.211207	 -0.046113	 0.000000	 
0.497196	 0.499232	 0.000000	 -0.006096	 -0.007096	 0.000000	 
0.507411	 0.567408	 0.000000	 -0.202964	 0.015586	 0.000000	 
0.505392	 0.623435	 0.000000	 -0.386701	 -0.004679	 0.000000	 
0.532604	 0.686301	 0.000000	 -0.542673	 0.052265	 0.000000	 
0.596187	 0.748942	 0.000000	 -0.603133	 0.101077	 0.000000	 
0.678143	 0.787842	 0.000000	 -0.560865	 0.189680	 0.000000	 
0.764142	 0.831690	 0.000000	 -0.457386	 0.291490	 0.000000	 
0.878515	 0.861426	 0.000000	 -0.261617	 0.343229	 0.000000	 
1.000000	 0.866832	 0.000000	 0.000000	 0.339463	 0.000000	 
0.000000	 0.160526	 0.000000	 0.000000	 -0.419787	 0.000000	 
0.108350	 0.168047	 0.000000	 0.230624	 -0.378456	 0.000000	 
0.201300	 0.191200	 0.000000	 0.358296	 -0.371838	 0.000000	 
0.291967	 0.230153	 0.000000	 0.482791	 -0.292498	 0.000000	 
0.379827	 0.295736	 0.000000	 0.541941	 -0.175026	 0.000000	 
0.406994	 0.339997	 0.000000	 0.446966	 -0.144241	 0.000000	 
0.424585	 0.384919	 0.000000	 0.352180	 -0.166259	 0.000000	 
0.435521	 0.439288	 0.000000	 0.188384	 -0.185863	 0.000000	 
0.438412	 0.502499	 0.000000	 0.009085	 -0.195823	 0.000000	 
0.447167	 0.559656	 0.000000	 -0.173553	 -0.157312	 0.000000	 
0.450673	 0.635226	 0.000000	 -0.406103	 -0.142846	 0.000000	 
0.489131	 0.703398	 0.000000	 -0.559016	 -0.039147	 0.000000	 
0.538917	 0.762866	 0.000000	 -0.686862	 0.032817	 0.000000	 
0.610892	 0.801218	 0.000000	 -0.715729	 0.083073	 0.000000	 
0.711590	 0.844330	 0.000000	 -0.641228	 0.185137	 0.000000	 
0.841009	 0.879855	 0.000000	 -0.383032	 0.265291	 0.000000	 
1.000000	 0.891034	 0.000000	 0.000000	 0.322914	 0.000000	 
0.000000	 0.191981	 0.000000	 0.000000	 -0.493977	 0.000000	 
0.095663	 0.200485	 0.000000	 0.162919	 -0.464773	 0.000000	 
0.183859	 0.226611	 0.000000	 0.350185	 -0.460780	 0.000000	 
0.258848	 0.254430	 0.000000	 0.400362	 -0.406599	 0.000000	 
0.311199	 0.300965	 0.000000	 0.403095	 -0.332913	 0.000000	 
0.330542	 0.351103	 0.000000	 0.346864	 -0.367755	 0.000000	 
0.363008	 0.404423	 0.000000	 0.256354	 -0.319863	 0.000000	 
0.374719	 0.463412	 0.000000	 0.106722	 -0.336265	 0.000000	 
0.380844	 0.519890	 0.000000	 -0.026641	 -0.338625	 0.000000	 
0.378757	 0.579645	 0.000000	 -0.206647	 -0.332868	 0.000000	 
0.401213	 0.635751	 0.000000	 -0.357626	 -0.230613	 0.000000	 
0.437826	 0.711952	 0.000000	 -0.592361	 -0.161102	 0.000000	 
0.476027	 0.775336	 0.000000	 -0.770039	 -0.066469	 0.000000	 
0.570785	 0.825132	 0.000000	 -0.786747	 0.061214	 0.000000	 
0.693286	 0.867726	 0.000000	 -0.684310	 0.147023	 0.000000	 
0.835686	 0.900828	 0.000000	 -0.394222	 0.204350	 0.000000	 
1.000000	 0.910308	 0.000000	 0.000000	 0.271357	 0.000000	 
0.000000	 0.236150	 0.000000	 0.000000	 -0.575981	 0.000000	 
0.063889	 0.241405	 0.000000	 0.087466	 -0.587979	 0.000000	 
0.126602	 0.255893	 0.000000	 0.157608	 -0.571518	 0.000000	 
0.191154	 0.277184	 0.000000	 0.285173	 -0.577810	 0.000000	 
0.236228	 0.313557	 0.000000	 0.247790	 -0.567539	 0.000000	 
0.267006	 0.365639	 0.000000	 0.234641	 -0.601261	 0.000000	 
0.291878	 0.415027	 0.000000	 0.167795	 -0.599415	 0.000000	 
0.308055	 0.469229	 0.000000	 0.100034	 -0.588631	 0.000000	 
0.318136	 0.532532	 0.000000	 -0.024468	 -0.551380	 0.000000	 
0.318341	 0.598197	 0.000000	 -0.240641	 -0.477363	 0.000000	 
0.336914	 0.649335	 0.000000	 -0.376397	 -0.399941	 0.000000	 
0.379927	 0.704437	 0.000000	 -0.503933	 -0.266813	 0.000000	 
0.419831	 0.787455	 0.000000	 -0.804330	 -0.161402	 0.000000	 
0.510585	 0.837861	 0.000000	 -0.880633	 -0.019164	 0.000000	 
0.649715	 0.883281	 0.000000	 -0.786347	 0.102163	 0.000000	 
0.820103	 0.918687	 0.000000	 -0.469898	 0.134835	 0.000000	 
1.000000	 0.929831	 0.000000	 0.000000	 0.272461	 0.000000	 
0.000000	 0.304316	 0.000000	 0.000000	 -0.712673	 0.000000	 
0.056623	 0.304284	 0.000000	 0.098230	 -0.755802	 0.000000	 
0.117569	 0.319705	 0.000000	 0.172107	 -0.696961	 0.000000	 
0.169232	 0.345114	 0.000000	 0.203838	 -0.684401	 0.000000	 
0.198602	 0.390063	 0.000000	 0.175351	 -0.696283	 0.000000	 
0.226649	 0.436178	 0.000000	 0.128611	 -0.718504	 0.000000	 
0.232310	 0.500981	 0.000000	 0.010581	 -0.687978	 0.000000	 
0.257961	 0.531771	 0.000000	 -0.015813	 -0.659110	 0.000000	 
0.269540	 0.590711	 0.000000	 -0.129934	 -0.592821	 0.000000	 
0.260946	 0.671008	 0.000000	 -0.344233	 -0.416202	 0.000000	 
0.283841	 0.708234	 0.000000	 -0.418513	 -0.352723	 0.000000	 
0.338130	 0.733891	 0.000000	 -0.533468	 -0.337808	 0.000000	 
0.372430	 0.806360	 0.000000	 -0.753052	 -0.216745	 0.000000	 
0.462686	 0.858226	 0.000000	 -0.966475	 -0.082840	 0.000000	 
0.590417	 0.895422	 0.000000	 -0.929047	 0.043859	 0.000000	 
0.789905	 0.933360	 0.000000	 -0.586938	 0.104845	 0.000000	 
1.000000	 0.948581	 0.000000	 0.000000	 0.196099	 0.000000	 
0.000000	 0.395623	 0.000000	 0.000000	 -0.983865	 0.000000	 
0.049463	 0.386489	 0.000000	 0.060912	 -0.872518	 0.000000	 
0.090861	 0.403816	 0.000000	 0.086708	 -0.908473	 0.000000	 
0.123260	 0.430420	 0.000000	 0.084936	 -0.899429	 0.000000	 
0.136941	 0.490207	 0.000000	 0.054108	 -0.911061	 0.000000	 
0.171442	 0.501740	 0.000000	 0.057169	 -0.859259	 0.000000	 
0.166662	 0.587193	 0.000000	 -0.061998	 -0.742799	 0.000000	 
0.193671	 0.611098	 0.000000	 -0.090378	 -0.711251	 0.000000	 
0.213332	 0.642101	 0.000000	 -0.147498	 -0.667624	 0.000000	 
0.208238	 0.730778	 0.000000	 -0.360129	 -0.432437	 0.000000	 
0.241154	 0.772076	 0.000000	 -0.487137	 -0.362499	 0.000000	 
0.292814	 0.785397	 0.000000	 -0.555602	 -0.335137	 0.000000	 
0.338528	 0.837248	 0.000000	 -0.733066	 -0.170979	 0.000000	 
0.435091	 0.889158	 0.000000	 -0.982514	 -0.087752	 0.000000	 
0.580698	 0.920685	 0.000000	 -0.968996	 0.023188	 0.000000	 
0.744848	 0.947256	 0.000000	 -0.733229	 0.077817	 0.000000	 
1.000000	 0.963229	 0.000000	 0.000000	 0.142832	 0.000000	 
0.000000	 0.518851	 0.000000	 0.000000	 -1.048534	 0.000000	 
0.026280	 0.524366	 0.000000	 0.003075	 -1.054880	 0.000000	 
0.049196	 0.540421	 0.000000	 0.012089	 -1.046230	 0.000000	 
0.070390	 0.567678	 0.000000	 0.018433	 -0.995027	 0.000000	 
0.087634	 0.611237	 0.000000	 -0.033604	 -0.900789	 0.000000	 
0.105289	 0.638746	 0.000000	 -0.072709	 -0.866327	 0.000000	 
0.127280	 0.664185	 0.000000	 -0.131884	 -0.787529	 0.000000	 
0.143020	 0.715327	 0.000000	 -0.214040	 -0.643507	 0.000000	 
0.159925	 0.749628	 0.000000	 -0.282985	 -0.536415	 0.000000	 
0.182408	 0.786760	 0.000000	 -0.381568	 -0.409185	 0.000000	 
0.213839	 0.835554	 0.000000	 -0.485903	 -0.288321	 0.000000	 
0.262588	 0.853480	 0.000000	 -0.602715	 -0.210530	 0.000000	 
0.317235	 0.887562	 0.000000	 -0.746140	 -0.163962	 0.000000	 
0.391729	 0.914818	 0.000000	 -0.893139	 -0.109329	 0.000000	 
0.535881	 0.942875	 0.000000	 -1.081360	 0.008385	 0.000000	 
0.751936	 0.966268	 0.000000	 -0.727415	 0.031944	 0.000000	 
1.000000	 0.975585	 0.000000	 0.000000	 0.104714	 0.000000	 
0.000000	 0.731187	 0.000000	 0.000000	 -0.763818	 0.000000	 
0.016300	 0.746466	 0.000000	 -0.045177	 -0.705915	 0.000000	 
0.031521	 0.769531	 0.000000	 -0.066099	 -0.629263	 0.000000	 
0.048803	 0.761294	 0.000000	 -0.127523	 -0.669909	 0.000000	 
0.064240	 0.798103	 0.000000	 -0.153818	 -0.572288	 0.000000	 
0.081011	 0.822355	 0.000000	 -0.214729	 -0.458108	 0.000000	 
0.100159	 0.809304	 0.000000	 -0.218617	 -0.474092	 0.000000	 
0.116608	 0.853685	 0.000000	 -0.285416	 -0.337477	 0.000000	 
0.139066	 0.872635	 0.000000	 -0.329647	 -0.266294	 0.000000	 
0.167502	 0.878762	 0.000000	 -0.385479	 -0.219466	 0.000000	 
0.201437	 0.910728	 0.000000	 -0.468690	 -0.131884	 0.000000	 
0.247928	 0.924390	 0.000000	 -0.588967	 -0.183395	 0.000000	 
0.302745	 0.943434	 0.000000	 -0.693317	 -0.123511	 0.000000	 
0.390276	 0.958665	 0.000000	 -0.979272	 -0.054982	 0.000000	 
0.510459	 0.968325	 0.000000	 -1.116499	 0.009620	 0.000000	 
0.719709	 0.982111	 0.000000	 -0.822915	 0.009065	 0.000000	 
1.000000	 0.988453	 0.000000	 0.000000	 0.058196	 0.000000	 
0.000000	 1.000000	 0.000000	 0.000000	 0.000000	 0.000000	 
0.013686	 1.000000	 0.000000	 -0.050672	 0.000000	 0.000000	 
0.029425	 1.000000	 0.000000	 -0.074016	 0.000000	 0.000000	 
0.044845	 1.000000	 0.000000	 -0.124831	 0.000000	 0.000000	 
0.061951	 1.000000	 0.000000	 -0.158711	 0.000000	 0.000000	 
0.081321	 1.000000	 0.000000	 -0.215734	 0.000000	 0.000000	 
0.099716	 1.000000	 0.000000	 -0.286825	 0.000000	 0.000000	 
0.120443	 1.000000	 0.000000	 -0.341071	 0.000000	 0.000000	 
0.145061	 1.000000	 0.000000	 -0.358725	 0.000000	 0.000000	 
0.168877	 1.000000	 0.000000	 -0.408093	 0.000000	 0.000000	 
0.197866	 1.000000	 0.000000	 -0.461577	 0.000000	 0.000000	 
0.238035	 1.000000	 0.000000	 -0.542370	 0.000000	 0.000000	 
0.299001	 1.000000	 0.000000	 -0.749440	 0.000000	 0.000000	 
0.384655	 1.000000	 0.000000	 -0.944091	 0.000000	 0.000000	 
0.524123	 1.000000	 0.000000	 -1.109699	 0.000000	 0.000000	 
0.721961	 1.000000	 0.000000	 -0.815023	 0.000000	 0.000000	 
1.000000	 1.000000	 0.000000	 0.000000	 0.000000	 0.000000	 
0.000000	 0.000000	 0.330000	 0.000000	 0.000000	 0.000000	 
0.261062	 0.000000	 0.330000	 0.719304	 0.000000	 0.000000	 
0.467666	 0.000000	 0.330000	 1.042549	 0.000000	 0.000000	 
0.611391	 0.000000	 0.330000	 0.937503	 0.000000	 0.000000	 
0.702232	 0.000000	 0.330000	 0.725063	 0.000000	 0.000000	 
0.759495	 0.000000	 0.330000	 0.582113	 0.000000	 0.000000	 
0.801275	 0.000000	 0.330000	 0.473647	 0.000000	 0.000000	 
0.834934	 0.000000	 0.330000	 0.393354	 0.000000	 0.000000	 
0.862580	 0.000000	 0.330000	 0.342480	 0.000000	 0.000000	 
0.884987	 0.000000	 0.330000	 0.298730	 0.000000	 0.000000	 
0.905035	 0.000000	 0.330000	 0.291256	 0.000000	 0.000000	 
0.924669	 0.000000	 0.330000	 0.226409	 0.000000	 0.000000	 
0.942779	 0.000000	 0.330000	 0.179482	 0.000000	 0.000000	 
0.959262	 0.000000	 0.330000	 0.130235	 0.000000	 0.000000	 
0.973952	 0.000000	 0.330000	 0.078702	 0.000000	 0.000000	 
0.986951	 0.000000	 0.330000	 0.029975	 0.000000	 0.000000	 
1.000000	 0.000000	 0.330000	 0.000000	 0.000000	 0.000000	 
0.000000	 0.012683	 0.330000	 0.000000	 -0.046493	 0.000000	 
0.247851	 0.016047	 0.330000	 0.683592	 -0.010060	 0.000000	 
0.446244	 0.026317	 0.330000	 1.016108	 0.002638	 0.000000	 
0.599254	 0.038487	 0.330000	 0.976986	 0.030700	 0.000000	 
0.693568	 0.056166	 0.330000	 0.755694	 0.066816	 0.000000	 
0.756469	 0.074513	 0.330000	 0.584697	 0.111497	 0.000000	 
0.800627	 0.091951	 0.330000	 0.469946	 0.186147	 0.000000	 
0.833192	 0.106129	 0.330000	 0.395752	 0.202206	 0.000000	 
0.859573	 0.124269	 0.330000	 0.329683	 0.231975	 0.000000	 
0.882419	 0.148418	 0.330000	 0.268914	 0.306240	 0.000000	 
0.902621	 0.165426	 0.330000	 0.199227	 0.385941	 0.000000	 
0.920129	 0.183804	 0.330000	 0.174055	 0.470389	 0.000000	 
0.935763	 0.207494	 0.330000	 0.116334	 0.566505	 0.000000	 
0.951376	 0.226963	 0.330000	 0.090089	 0.630566	 0.000000	 
0.964949	 0.268014	 0.330000	 0.055434	 0.756529	 0.000000	 
0.982923	 0.247185	 0.330000	 0.022725	 0.681111	 0.000000	 
1.000000	 0.270231	 0.330000	 0.000000	 0.745218	 0.000000	 
0.000000	 0.026099	 0.330000	 0.000000	 -0.083828	 0.000000	 
0.239180	 0.032082	 0.330000	 0.660737	 -0.065968	 0.000000	 
0.450869	 0.052388	 0.330000	 1.027217	 0.005248	 0.000000	 
0.586284	 0.076510	 0.330000	 0.983834	 0.081977	 0.000000	 
0.677375	 0.110507	 0.330000	 0.730915	 0.157581	 0.000000	 
0.738469	 0.137728	 0.330000	 0.566250	 0.213548	 0.000000	 
0.782578	 0.175782	 0.330000	 0.449767	 0.261989	 0.000000	 
0.815642	 0.209463	 0.330000	 0.354303	 0.357708	 0.000000	 
0.838481	 0.240786	 0.330000	 0.268276	 0.485351	 0.000000	 
0.854094	 0.279281	 0.330000	 0.228530	 0.612250	 0.000000	 
0.872246	 0.309415	 0.330000	 0.153938	 0.717911	 0.000000	 
0.882855	 0.365141	 0.330000	 0.097134	 0.867420	 0.000000	 
0.902844	 0.383958	 0.330000	 0.056816	 0.900248	 0.000000	 
0.918095	 0.439084	 0.330000	 0.017665	 1.013030	 0.000000	 
0.942458	 0.461692	 0.330000	 -0.005347	 1.061616	 0.000000	 
0.972833	 0.454882	 0.330000	 -0.003499	 1.054875	 0.000000	 
1.000000	 0.477456	 0.330000	 0.000000	 1.085276	 0.000000	 
0.000000	 0.039904	 0.330000	 0.000000	 -0.152815	 0.000000	 
0.233663	 0.048268	 0.330000	 0.648873	 -0.061187	 0.000000	 
0.420118	 0.073538	 0.330000	 0.974873	 -0.020723	 0.000000	 
0.564024	 0.111271	 0.330000	 0.951377	 0.096211	 0.000000	 
0.642914	 0.157493	 0.330000	 0.739887	 0.171416	 0.000000	 
0.711921	 0.187491	 0.330000	 0.580885	 0.235970	 0.000000	 
0.755374	 0.239680	 0.330000	 0.435163	 0.335778	 0.000000	 
0.781196	 0.291075	 0.330000	 0.282269	 0.485166	 0.000000	 
0.786783	 0.351324	 0.330000	 0.150475	 0.633695	 0.000000	 
0.810756	 0.379502	 0.330000	 0.094355	 0.699678	 0.000000	 
0.821818	 0.440217	 0.330000	 0.008669	 0.834327	 0.000000	 
0.834683	 0.493127	 0.330000	 -0.052638	 0.883689	 0.000000	 
0.860842	 0.526951	 0.330000	 -0.061913	 0.917520	 0.000000	 
0.888474	 0.565441	 0.330000	 -0.093132	 0.956907	 0.000000	 
0.925188	 0.589831	 0.330000	 -0.077788	 0.976307	 0.000000	 
0.963118	 0.601838	 0.330000	 -0.051382	 0.988281	 0.000000	 
1.000000	 0.628295	 0.330000	 0.000000	 0.859177	 0.000000	 
0.000000	 0.054484	 0.330000	 0.000000	 -0.192481	 0.000000	 
0.208146	 0.063192	 0.330000	 0.557906	 -0.128548	 0.000000	 
0.382220	 0.091028	 0.330000	 0.902461	 -0.047062	 0.000000	 
0.523530	 0.135365	 0.330000	 0.919265	 0.075678	 0.000000	 
0.605677	 0.199051	 0.330000	 0.695083	 0.139109	 0.000000	 
0.678193	 0.235360	 0.330000	 0.554705	 0.262806	 0.000000	 
0.716265	 0.284298	 0.330000	 0.422308	 0.353638	 0.000000	 
0.732268	 0.340431	 0.330000	 0.290722	 0.471606	 0.000000	 
0.726541	 0.419178	 0.330000	 0.144119	 0.602194	 0.000000	 
0.765717	 0.447873	 0.330000	 0.051800	 0.697950	 0.000000	 
0.763627	 0.521059	 0.330000	 -0.077917	 0.744090	 0.000000	 
0.775659	 0.576351	 0.330000	 -0.157118	 0.744283	 0.000000	 
0.816942	 0.606649	 0.330000	 -0.141523	 0.795818	 0.000000	 
0.850928	 0.651590	 0.330000	 -0.160166	 0.756556	 0.000000	 
0.892794	 0.681986	 0.330000	 -0.129947	 0.772229	 0.000000	 
0.940939	 0.701116	 0.330000	 -0.066614	 0.734752	 0.000000	 
1.000000	 0.710257	 0.330000	 0.000000	 0.730591	 0.000000	 
0.000000	 0.070444	 0.330000	 0.000000	 -0.210987	 0.000000	 
0.197149	 0.078616	 0.330000	 0.531315	 -0.148150	 0.000000	 
0.371005	 0.114458	 0.330000	 0.873940	 -0.068417	 0.000000	 
0.479471	 0.158393	 0.330000	 0.860789	 0.054386	 0.000000	 
0.548577	 0.217651	 0.330000	 0.737841	 0.117916	 0.000000	 
0.627034	 0.266625	 0.330000	 0.560713	 0.206104	 0.000000	 
0.670620	 0.316386	 0.330000	 0.443564	 0.307544	 0.000000	 
0.672929	 0.386929	 0.330000	 0.276725	 0.393689	 0.000000	 
0.694517	 0.453631	 0.330000	 0.064449	 0.527380	 0.000000	 
0.705239	 0.517590	 0.330000	 -0.068677	 0.614693	 0.000000	 
0.700655	 0.579246	 0.330000	 -0.180105	 0.549849	 0.000000	 
0.733704	 0.631758	 0.330000	 -0.277065	 0.587074	 0.000000	 
0.770934	 0.676293	 0.330000	 -0.242500	 0.570703	 0.000000	 
0.806807	 0.711066	 0.330000	 -0.237571	 0.562591	 0.000000	 
0.858060	 0.743111	 0.330000	 -0.206637	 0.564507	 0.000000	 
0.922009	 0.766208	 0.330000	 -0.153954	 0.591800	 0.000000	 
1.000000	 0.763584	 0.330000	 0.000000	 0.578344	 0.000000	 
0.000000	 0.088193	 0.330000	 0.000000	 -0.264273	 0.000000	 
0.159183	 0.093028	 0.330000	 0.384736	 -0.218053	 0.000000	 
0.297381	 0.119197	 0.330000	 0.651297	 -0.160562	 0.000000	 
0.433818	 0.172014	 0.330000	 0.787772	 -0.044683	 0.000000	 
0.521743	 0.250440	 0.330000	 0.680463	 0.097331	 0.000000	 
0.589811	 0.306667	 0.330000	 0.548297	 0.199543	 0.000000	 
0.616629	 0.365066	 0.330000	 0.386514	 0.279832	 0.000000	 
0.616985	 0.423572	 0.330000	 0.190891	 0.334992	 0.000000	 
0.640865	 0.470676	 0.330000	 0.082382	 0.379020	 0.000000	 
0.625863	 0.530360	 0.330000	 -0.097897	 0.324092	 0.000000	 
0.627164	 0.583605	 0.330000	 -0.283416	 0.284732	 0.000000	 
0.636589	 0.627779	 0.330000	 -0.384281	 0.252387	 0.000000	 
0.662728	 0.664901	 0.330000	 -0.445406	 0.294392	 0.000000	 
0.717880	 0.718096	 0.330000	 -0.466299	 0.328628	 0.000000	 
0.792029	 0.761579	 0.330000	 -0.405871	 0.398691	 0.000000	 
0.896535	 0.802167	 0.330000	 -0.215289	 0.472857	 0.000000	 
1.000000	 0.803675	 0.330000	 0.000000	 0.482235	 0.000000	 
0.000000	 0.109793	 0.330000	 0.000000	 -0.294531	 0.000000	 
0.139014	 0.112018	 0.330000	 0.290976	 -0.271001	 0.000000	 
0.268489	 0.137701	 0.330000	 0.558713	 -0.239093	 0.000000	 
0.393734	 0.183653	 0.330000	 0.767154	 -0.083376	 0.000000	 
0.467721	 0.255543	 0.330000	 0.677716	 -0.001710	 0.000000	 
0.519443	 0.316478	 0.330000	 0.535630	 0.069763	 0.000000	 
0.543195	 0.361328	 0.330000	 0.409633	 0.116791	 0.000000	 
0.558620	 0.423749	 0.330000	 0.223275	 0.144567	 0.000000	 
0.571395	 0.487246	 0.330000	 0.053821	 0.182537	 0.000000	 
0.559421	 0.554432	 0.330000	 -0.188271	 0.147104	 0.000000	 
0.567470	 0.619959	 0.330000	 -0.348660	 0.188214	 0.000000	 
0.610973	 0.693040	 0.330000	 -0.412353	 0.293041	 0.000000	 
0.675741	 0.757575	 0.330000	 -0.436395	 0.330645	 0.000000	 
0.733936	 0.790354	 0.330000	 -0.414182	 0.309593	 0.000000	 
0.805388	 0.808560	 0.330000	 -0.331368	 0.350045	 0.000000	 
0.894250	 0.832997	 0.330000	 -0.246220	 0.384593	 0.000000	 
1.000000	 0.834997	 0.330000	 0.000000	 0.400020	 0.000000	 
0.000000	 0.135010	 0.330000	 0.000000	 -0.316742	 0.000000	 
0.120662	 0.133554	 0.330000	 0.235407	 -0.332453	 0.000000	 
0.226262	 0.155882	 0.330000	 0.413988	 -0.310337	 0.000000	 
0.329897	 0.186908	 0.330000	 0.600215	 -0.231206	 0.000000	 
0.387532	 0.239929	 0.330000	 0.559311	 -0.215018	 0.000000	 
0.445523	 0.306668	 0.330000	 0.505672	 -0.122492	 0.000000	 
0.483643	 0.378098	 0.330000	 0.355940	 -0.037057	 0.000000	 
0.502630	 0.435844	 0.330000	 0.212437	 0.021732	 0.000000	 
0.506874	 0.497739	 0.330000	 0.034175	 0.015423	 0.000000	 
0.501172	 0.560543	 0.330000	 -0.179272	 0.005605	 0.000000	 
0.520009	 0.637204	 0.330000	 -0.385107	 0.055637	 0.000000	 
0.558250	 0.697854	 0.330000	 -0.490117	 0.111859	 0.000000	 
0.591377	 0.746323	 0.330000	 -0.609609	 0.157575	 0.000000	 
0.654006	 0.801548	 0.330000	 -0.616790	 0.199896	 0.000000	 
0.752902	 0.830645	 0.330000	 -0.474809	 0.253765	 0.000000	 
0.868458	 0.857204	 0.330000	 -0.293611	 0.308199	 0.000000	 
1.000000	 0.861670	 0.330000	 0.000000	 0.338624	 0.000000	 
0.000000	 0.163369	 0.330000	 0.000000	 -0.366469	 0.000000	 
0.105807	 0.160144	 0.330000	 0.199680	 -0.393489	 0.000000	 
0.202107	 0.182546	 0.330000	 0.362024	 -0.381735	 0.000000	 
0.288546	 0.212665	 0.330000	 0.453349	 -0.374178	 0.000000	 
0.331967	 0.252341	 0.330000	 0.446341	 -0.335399	 0.000000	 
0.399419	 0.314092	 0.330000	 0.458717	 -0.259360	 0.000000	 
0.423548	 0.383403	 0.330000	 0.331643	 -0.208085	 0.000000	 
0.446129	 0.452487	 0.330000	 0.181530	 -0.136694	 0.000000	 
0.442954	 0.515986	 0.330000	 -0.014537	 -0.138433	 0.000000	 
0.445074	 0.583766	 0.330000	 -0.218039	 -0.136155	 0.000000	 
0.457367	 0.636987	 0.330000	 -0.380709	 -0.096198	 0.000000	 
0.483022	 0.692763	 0.330000	 -0.555119	 -0.051355	 0.000000	 
0.538287	 0.757652	 0.330000	 -0.671669	 0.041467	 0.000000	 
0.625210	 0.824166	 0.330000	 -0.688212	 0.110806	 0.000000	 
0.740827	 0.859517	 0.330000	 -0.507691	 0.217800	 0.000000	 
0.864021	 0.880795	 0.330000	 -0.278606	 0.243692	 0.000000	 
1.000000	 0.884482	 0.330000	 0.000000	 0.306560	 0.000000	 
0.000000	 0.198146	 0.330000	 0.000000	 -0.428482	 0.000000	 
0.083941	 0.195510	 0.330000	 0.154598	 -0.478349	 0.000000	 
0.157151	 0.208783	 0.330000	 0.264606	 -0.464591	 0.000000	 
0.227863	 0.238137	 0.330000	 0.314583	 -0.484418	 0.000000	 
0.290222	 0.278380	 0.330000	 0.337910	 -0.476989	 0.000000	 
0.349147	 0.328926	 0.330000	 0.400524	 -0.393566	 0.000000	 
0.360877	 0.386808	 0.330000	 0.304505	 -0.430337	 0.000000	 
0.386066	 0.445945	 0.330000	 0.204761	 -0.366912	 0.000000	 
0.376804	 0.517802	 0.330000	 0.008277	 -0.374416	 0.000000	 
0.392535	 0.583212	 0.330000	 -0.181223	 -0.283037	 0.000000	 
0.390721	 0.656481	 0.330000	 -0.429726	 -0.259599	 0.000000	 
0.428141	 0.711296	 0.330000	 -0.585907	 -0.130165	 0.000000	 
0.492396	 0.770975	 0.330000	 -0.720103	 -0.055995	 0.000000	 
0.568024	 0.830308	 0.330000	 -0.817270	 0.003914	 0.000000	 
0.692320	 0.875091	 0.330000	 -0.667315	 0.138135	 0.000000	 
0.839405	 0.899770	 0.330000	 -0.383989	 0.192911	 0.000000	 
1.000000	 0.905365	 0.330000	 0.000000	 0.257610	 0.000000	 
0.000000	 0.242502	 0.330000	 0.000000	 -0.538245	 0.000000	 
0.080964	 0.241231	 0.330000	 0.163210	 -0.571300	 0.000000	 
0.151969	 0.263230	 0.330000	 0.228089	 -0.583484	 0.000000	 
0.209396	 0.293518	 0.330000	 0.305558	 -0.584203	 0.000000	 
0.258072	 0.330624	 0.330000	 0.290554	 -0.542827	 0.000000	 
0.290033	 0.369557	 0.330000	 0.313108	 -0.557502	 0.000000	 
0.309998	 0.425998	 0.330000	 0.222720	 -0.519210	 0.000000	 
0.323202	 0.481858	 0.330000	 0.097264	 -0.516118	 0.000000	 
0.319591	 0.543173	 0.330000	 -0.076765	 -0.506724	 0.000000	 
0.331197	 0.600690	 0.330000	 -0.188675	 -0.447948	 0.000000	 
0.340040	 0.669384	 0.330000	 -0.403086	 -0.336138	 0.000000	 
0.366229	 0.732411	 0.330000	 -0.609284	 -0.241591	 0.000000	 
0.424696	 0.775420	 0.330000	 -0.662657	 -0.136373	 0.000000	 
0.509347	 0.838212	 0.330000	 -0.885249	 -0.055604	 0.000000	 
0.642171	 0.887621	 0.330000	 -0.812450	 0.055856	 0.000000	 
0.806596	 0.916722	 0.330000	 -0.503280	 0.132013	 0.000000	 
1.000000	 0.923160	 0.330000	 0.000000	 0.211783	 0.000000	 
0.000000	 0.294792	 0.330000	 0.000000	 -0.713963	 0.000000	 
0.061532	 0.302277	 0.330000	 0.128235	 -0.691492	 0.000000	 
0.108829	 0.318660	 0.330000	 0.151667	 -0.729608	 0.000000	 
0.151701	 0.343222	 0.330000	 0.189994	 -0.771083	 0.000000	 
0.194548	 0.371373	 0.330000	 0.210964	 -0.750588	 0.000000	 
0.220504	 0.418409	 0.330000	 0.173388	 -0.775835	 0.000000	 
0.253149	 0.456776	 0.330000	 0.141725	 -0.748421	 0.000000	 
0.251148	 0.533263	 0.330000	 -0.029104	 -0.690983	 0.000000	 
0.245408	 0.598674	 0.330000	 -0.179934	 -0.579504	 0.000000	 
0.274105	 0.632215	 0.330000	 -0.211368	 -0.554710	 0.000000	 
0.297292	 0.700357	 0.330000	 -0.413947	 -0.385311	 0.000000	 
0.322243	 0.772366	 0.330000	 -0.570425	 -0.272574	 0.000000	 
0.387929	 0.813314	 0.330000	 -0.740264	 -0.174470	 0.000000	 
0.477717	 0.860840	 0.330000	 -0.915237	 -0.055462	 0.000000	 
0.628215	 0.908828	 0.330000	 -0.848800	 0.034156	 0.000000	 
0.797883	 0.934947	 0.330000	 -0.526218	 0.110262	 0.000000	 
1.000000	 0.939201	 0.330000	 0.000000	 0.158285	 0.000000	 
0.000000	 0.370820	 0.330000	 0.000000	 -0.856856	 0.000000	 
0.048037	 0.387152	 0.330000	 0.068186	 -0.930154	 0.000000	 
0.089788	 0.414842	 0.330000	 0.087131	 -0.920621	 0.000000	 
0.129510	 0.439644	 0.330000	 0.101961	 -0.887538	 0.000000	 
0.158026	 0.472766	 0.330000	 0.068138	 -0.894996	 0.000000	 
0.167994	 0.532750	 0.330000	 -0.001358	 -0.845830	 0.000000	 
0.201289	 0.541629	 0.330000	 0.012961	 -0.841218	 0.000000	 
0.189066	 0.629612	 0.330000	 -0.141738	 -0.672447	 0.000000	 
0.194862	 0.697351	 0.330000	 -0.275080	 -0.500627	 0.000000	 
0.240159	 0.700257	 0.330000	 -0.289480	 -0.537966	 0.000000	 
0.259461	 0.756579	 0.330000	 -0.409078	 -0.370540	 0.000000	 
0.289865	 0.817125	 0.330000	 -0.596927	 -0.227304	 0.000000	 
0.352766	 0.856694	 0.330000	 -0.797186	 -0.128834	 0.000000	 
0.440777	 0.886859	 0.330000	 -0.933044	 -0.075325	 0.000000	 
0.574826	 0.922654	 0.330000	 -0.950441	 0.001804	 0.000000	 
0.780908	 0.951191	 0.330000	 -0.591411	 0.092272	 0.000000	 
1.000000	 0.955574	 0.330000	 0.000000	 0.125528	 0.000000	 
0.000000	 0.505408	 0.330000	 0.000000	 -1.134811	 0.000000	 
0.030334	 0.498190	 0.330000	 0.019784	 -1.105053	 0.000000	 
0.056764	 0.537666	 0.330000	 0.016327	 -1.048752	 0.000000	 
0.081154	 0.554658	 0.330000	 0.000718	 -0.988433	 0.000000	 
0.094735	 0.602527	 0.330000	 -0.016350	 -0.927763	 0.000000	 
0.110332	 0.642325	 0.330000	 -0.057885	 -0.834606	 0.000000	 
0.123959	 0.675814	 0.330000	 -0.093102	 -0.754336	 0.000000	 
0.138056	 0.710807	 0.330000	 -0.126078	 -0.651566	 0.000000	 
0.156341	 0.759782	 0.330000	 -0.247546	 -0.484530	 0.000000	 
0.183786	 0.789350	 0.330000	 -0.344421	 -0.408715	 0.000000	 
0.217588	 0.811591	 0.330000	 -0.462353	 -0.358777	 0.000000	 
0.256143	 0.863365	 0.330000	 -0.608624	 -0.156412	 0.000000	 
0.324228	 0.900791	 0.330000	 -0.769359	 -0.114258	 0.000000	 
0.436486	 0.926957	 0.330000	 -0.981931	 -0.053832	 0.000000	 
0.578154	 0.949525	 0.330000	 -0.946893	 -0.002843	 0.000000	 
0.760877	 0.966446	 0.330000	 -0.653264	 0.060416	 0.000000	 
1.000000	 0.971146	 0.330000	 0.000000	 0.066465	 0.000000	 
0.000000	 0.718859	 0.330000	 0.000000	 -0.885465	 0.000000	 
0.016916	 0.700472	 0.330000	 -0.021409	 -0.938387	 0.000000	 
0.033511	 0.720285	 0.330000	 -0.052146	 -0.864018	 0.000000	 
0.046674	 0.772924	 0.330000	 -0.059917	 -0.656630	 0.000000	 
0.062165	 0.798619	 0.330000	 -0.128890	 -0.535879	 0.000000	 
0.078785	 0.815943	 0.330000	 -0.153061	 -0.455350	 0.000000	 
0.095436	 0.851579	 0.330000	 -0.223224	 -0.319235	 0.000000	 
0.118104	 0.849376	 0.330000	 -0.280760	 -0.327371	 0.000000	 
0.141013	 0.873803	 0.330000	 -0.345634	 -0.250632	 0.000000	 
0.167965	 0.891634	 0.330000	 -0.418730	 -0.202528	 0.000000	 
0.199552	 0.904321	 0.330000	 -0.516670	 -0.163647	 0.000000	 
0.239452	 0.926954	 0.330000	 -0.636768	 -0.141603	 0.000000	 
0.305187	 0.945551	 0.330000	 -0.812131	 -0.099665	 0.000000	 
0.407374	 0.960044	 0.330000	 -0.961498	 -0.034544	 0.000000	 
0.566492	 0.975653	 0.330000	 -0.968372	 -0.015822	 0.000000	 
0.761642	 0.983898	 0.330000	 -0.656153	 0.024461	 0.000000	 
1.000000	 0.985207	 0.330000	 0.000000	 0.020123	 0.000000	 
0.000000	 1.000000	 0.330000	 0.000000	 0.000000	 0.000000	 
0.011026	 1.000000	 0.330000	 -0.013475	 0.000000	 0.000000	 
0.021484	 1.000000	 0.330000	 -0.061421	 0.000000	 0.000000	 
0.035595	 1.000000	 0.330000	 -0.114391	 0.000000	 0.000000	 
0.051450	 1.000000	 0.330000	 -0.160395	 0.000000	 0.000000	 
0.068931	 1.000000	 0.330000	 -0.212156	 0.000000	 0.000000	 
0.089301	 1.000000	 0.330000	 -0.259810	 0.000000	 0.000000	 
0.109546	 1.000000	 0.330000	 -0.281399	 0.000000	 0.000000	 
0.131067	 1.000000	 0.330000	 -0.350483	 0.000000	 0.000000	 
0.157668	 1.000000	 0.330000	 -0.419439	 0.000000	 0.000000	 
0.190582	 1.000000	 0.330000	 -0.490357	 0.000000	 0.000000	 
0.234016	 1.000000	 0.330000	 -0.580777	 0.000000	 0.000000	 
0.295348	 1.000000	 0.330000	 -0.733080	 0.000000	 0.000000	 
0.390847	 1.000000	 0.330000	 -0.960506	 0.000000	 0.000000	 
0.537462	 1.000000	 0.330000	 -1.007873	 0.000000	 0.000000	 
0.756058	 1.000000	 0.330000	 -0.681273	 0.000000	 0.000000	 
1.000000	 1.000000	 0.330000	 0.000000	 0.000000	 0.000000	 
