312.72 87.788 346.942 1 1 1 130 1
146.683 99.23699999999999 203.103 2 1 1 4 1
146.683 99.23699999999999 203.103 3 1 1 4 1
199.628 46.583 75.95999999999999 4 1 1 32 1
105.214 115.128 93.857 5 1 1 80 1
254.872 119.374 196.099 6 1 1 36 1
65.501 110.933 158.797 7 1 1 39 1
312.72 87.788 346.942 1 2 1 130 1
265.452 93.241 283.793 2 2 1 119 1
206.522 127.1 100.021 3 2 1 141 1
322.767 52.745 74.16200000000001 4 2 1 139 1
254.872 119.374 196.099 5 2 1 36 1
254.872 119.374 196.099 6 2 1 36 1
65.501 110.933 158.797 7 2 1 39 1
170.963 39.476 255.377 1 3 1 46 1
170.963 39.476 255.377 2 3 1 46 1
170.963 39.476 255.377 3 3 1 46 1
322.767 52.745 74.16200000000001 4 3 1 139 1
254.872 119.374 196.099 5 3 1 36 1
254.872 119.374 196.099 6 3 1 36 1
213.634 99.73699999999999 26.518 7 3 1 75 1
295.094 82.62 181.921 1 4 1 100 1
170.963 39.476 255.377 2 4 1 46 1
170.963 39.476 255.377 3 4 1 46 1
141.384 55.415 220.022 4 4 1 138 1
141.384 55.415 220.022 5 4 1 138 1
213.634 99.73699999999999 26.518 6 4 1 75 1
213.634 99.73699999999999 26.518 7 4 1 75 1
295.094 82.62 181.921 1 5 1 100 1
295.094 82.62 181.921 2 5 1 100 1
295.094 82.62 181.921 3 5 1 100 1
94.577 94.14 221.169 4 5 1 132 1
232.069 152.466 6.283 5 5 1 68 1
232.069 152.466 6.283 6 5 1 68 1
213.634 99.73699999999999 26.518 7 5 1 75 1
94.742 23.545 100.077 1 6 1 24 1
295.094 82.62 181.921 2 6 1 100 1
295.094 82.62 181.921 3 6 1 100 1
63.26 62.443 261.831 4 6 1 105 1
63.26 62.443 261.831 5 6 1 105 1
232.069 152.466 6.283 6 6 1 68 1
58.962 64.46599999999999 244.777 7 6 1 61 1
94.742 23.545 100.077 1 7 1 24 1
14.63 86.376 286.18 2 7 1 34 1
14.63 86.376 286.18 3 7 1 34 1
63.26 62.443 261.831 4 7 1 105 1
23.578 55.851 289.287 5 7 1 52 1
23.578 55.851 289.287 6 7 1 52 1
58.962 64.46599999999999 244.777 7 7 1 61 1
142.905 141.432 284.117 1 1 2 101 1
146.683 99.23699999999999 203.103 2 1 2 4 1
146.683 99.23699999999999 203.103 3 1 2 4 1
322.767 52.745 74.16200000000001 4 1 2 139 1
231.199 73.892 279.132 5 1 2 89 1
254.872 119.374 196.099 6 1 2 36 1
65.501 110.933 158.797 7 1 2 39 1
142.905 141.432 284.117 1 2 2 101 1
28.362 76.399 31.711 2 2 2 7 1
206.522 127.1 100.021 3 2 2 141 1
322.767 52.745 74.16200000000001 4 2 2 139 1
322.767 52.745 74.16200000000001 5 2 2 139 1
254.872 119.374 196.099 6 2 2 36 1
65.501 110.933 158.797 7 2 2 39 1
137.257 55.398 128.78 1 3 2 86 1
170.963 39.476 255.377 2 3 2 46 1
170.963 39.476 255.377 3 3 2 46 1
322.767 52.745 74.16200000000001 4 3 2 139 1
340.343 24.163 45.14 5 3 2 26 1
354.843 77.71599999999999 33.916 6 3 2 135 1
354.843 77.71599999999999 33.916 7 3 2 135 1
295.094 82.62 181.921 1 4 2 100 1
295.094 82.62 181.921 2 4 2 100 1
181.587 98.955 51.613 3 4 2 102 1
141.384 55.415 220.022 4 4 2 138 1
141.384 55.415 220.022 5 4 2 138 1
213.634 99.73699999999999 26.518 6 4 2 75 1
213.634 99.73699999999999 26.518 7 4 2 75 1
295.094 82.62 181.921 1 5 2 100 1
295.094 82.62 181.921 2 5 2 100 1
181.587 98.955 51.613 3 5 2 102 1
94.577 94.14 221.169 4 5 2 132 1
173.201 75.33 275.51 5 5 2 82 1
232.069 152.466 6.283 6 5 2 68 1
62.518 128.846 286.115 7 5 2 84 1
295.094 82.62 181.921 1 6 2 100 1
14.63 86.376 286.18 2 6 2 34 1
181.587 98.955 51.613 3 6 2 102 1
63.26 62.443 261.831 4 6 2 105 1
232.069 152.466 6.283 5 6 2 68 1
232.069 152.466 6.283 6 6 2 68 1
62.518 128.846 286.115 7 6 2 84 1
295.094 82.62 181.921 1 7 2 100 1
14.63 86.376 286.18 2 7 2 34 1
14.63 86.376 286.18 3 7 2 34 1
63.26 62.443 261.831 4 7 2 105 1
23.578 55.851 289.287 5 7 2 52 1
23.578 55.851 289.287 6 7 2 52 1
62.518 128.846 286.115 7 7 2 84 1
142.905 141.432 284.117 1 1 3 101 1
146.683 99.23699999999999 203.103 2 1 3 4 1
146.683 99.23699999999999 203.103 3 1 3 4 1
322.767 52.745 74.16200000000001 4 1 3 139 1
231.199 73.892 279.132 5 1 3 89 1
222.285 101.905 46.191 6 1 3 9 1
348.208 147.583 96.411 7 1 3 77 1
137.257 55.398 128.78 1 2 3 86 1
28.362 76.399 31.711 2 2 3 7 1
322.767 52.745 74.16200000000001 3 2 3 139 1
322.767 52.745 74.16200000000001 4 2 3 139 1
322.767 52.745 74.16200000000001 5 2 3 139 1
222.285 101.905 46.191 6 2 3 9 1
348.208 147.583 96.411 7 2 3 77 1
137.257 55.398 128.78 1 3 3 86 1
137.257 55.398 128.78 2 3 3 86 1
322.767 52.745 74.16200000000001 3 3 3 139 1
322.767 52.745 74.16200000000001 4 3 3 139 1
151.343 127.626 182.897 5 3 3 83 1
354.843 77.71599999999999 33.916 6 3 3 135 1
174.173 66.44499999999999 100.257 7 3 3 56 1
198.192 53.349 181.353 1 4 3 66 1
198.192 53.349 181.353 2 4 3 66 1
198.192 53.349 181.353 3 4 3 66 1
249.582 136.152 196.896 4 4 3 45 1
151.343 127.626 182.897 5 4 3 83 1
122.345 99.866 117.26 6 4 3 142 1
213.634 99.73699999999999 26.518 7 4 3 75 1
212.793 85.71899999999999 250.844 1 5 3 98 1
26.748 71.67100000000001 75.681 2 5 3 123 1
181.587 98.955 51.613 3 5 3 102 1
249.582 136.152 196.896 4 5 3 45 1
173.201 75.33 275.51 5 5 3 82 1
122.345 99.866 117.26 6 5 3 142 1
62.518 128.846 286.115 7 5 3 84 1
233.74 79.154 158.308 1 6 3 58 1
14.63 86.376 286.18 2 6 3 34 1
181.587 98.955 51.613 3 6 3 102 1
63.26 62.443 261.831 4 6 3 105 1
232.069 152.466 6.283 5 6 3 68 1
16.887 104.254 46.384 6 6 3 85 1
16.887 104.254 46.384 7 6 3 85 1
295.094 82.62 181.921 1 7 3 100 1
14.63 86.376 286.18 2 7 3 34 1
210.213 102.699 300.705 3 7 3 67 1
210.213 102.699 300.705 4 7 3 67 1
210.213 102.699 300.705 5 7 3 67 1
16.887 104.254 46.384 6 7 3 85 1
16.887 104.254 46.384 7 7 3 85 1
68.18000000000001 67.432 193.111 1 1 4 103 1
48.438 127.958 68.346 2 1 4 136 1
48.438 127.958 68.346 3 1 4 136 1
134.199 49.277 345.983 4 1 4 104 1
16.912 81.533 82.651 5 1 4 5 1
222.285 101.905 46.191 6 1 4 9 1
72.754 111.725 340.529 7 1 4 59 1
68.18000000000001 67.432 193.111 1 2 4 103 1
48.438 127.958 68.346 2 2 4 136 1
48.438 127.958 68.346 3 2 4 136 1
322.767 52.745 74.16200000000001 4 2 4 139 1
16.912 81.533 82.651 5 2 4 5 1
72.754 111.725 340.529 6 2 4 59 1
72.754 111.725 340.529 7 2 4 59 1
198.192 53.349 181.353 1 3 4 66 1
67.122 113.361 60.748 2 3 4 91 1
67.122 113.361 60.748 3 3 4 91 1
95.021 85.252 66.646 4 3 4 6 1
151.343 127.626 182.897 5 3 4 83 1
106.006 145.478 330.372 6 3 4 44 1
106.006 145.478 330.372 7 3 4 44 1
198.192 53.349 181.353 1 4 4 66 1
67.122 113.361 60.748 2 4 4 91 1
67.122 113.361 60.748 3 4 4 91 1
67.122 113.361 60.748 4 4 4 91 1
98.004 60.385 230.438 5 4 4 118 1
98.004 60.385 230.438 6 4 4 118 1
106.006 145.478 330.372 7 4 4 44 1
198.192 53.349 181.353 1 5 4 66 1
26.748 71.67100000000001 75.681 2 5 4 123 1
181.587 98.955 51.613 3 5 4 102 1
249.582 136.152 196.896 4 5 4 45 1
329.484 81.35899999999999 3.763 5 5 4 126 1
98.004 60.385 230.438 6 5 4 118 1
62.518 128.846 286.115 7 5 4 84 1
233.74 79.154 158.308 1 6 4 58 1
102.873 89.98099999999999 266.722 2 6 4 112 1
102.873 89.98099999999999 266.722 3 6 4 112 1
329.484 81.35899999999999 3.763 4 6 4 126 1
329.484 81.35899999999999 3.763 5 6 4 126 1
121.587 84.84399999999999 34.702 6 6 4 72 1
63.622 109.015 288.631 7 6 4 25 1
233.74 79.154 158.308 1 7 4 58 1
23.069 137.653 351.666 2 7 4 73 1
23.069 137.653 351.666 3 7 4 73 1
258.972 108.843 123.412 4 7 4 90 1
67.27200000000001 85.67 262.525 5 7 4 94 1
121.587 84.84399999999999 34.702 6 7 4 72 1
63.622 109.015 288.631 7 7 4 25 1
296.894 49.287 62.078 1 1 5 23 1
29.397 114.511 174.547 2 1 5 95 1
48.438 127.958 68.346 3 1 5 136 1
134.199 49.277 345.983 4 1 5 104 1
134.199 49.277 345.983 5 1 5 104 1
134.199 49.277 345.983 6 1 5 104 1
72.754 111.725 340.529 7 1 5 59 1
112.668 166.901 181.852 1 2 5 16 1
48.438 127.958 68.346 2 2 5 136 1
48.438 127.958 68.346 3 2 5 136 1
40.692 120.28 134.149 4 2 5 20 1
134.199 49.277 345.983 5 2 5 104 1
72.754 111.725 340.529 6 2 5 59 1
72.754 111.725 340.529 7 2 5 59 1
138.525 49.477 89.244 1 3 5 1 1
48.438 127.958 68.346 2 3 5 136 1
48.438 127.958 68.346 3 3 5 136 1
95.021 85.252 66.646 4 3 5 6 1
95.021 85.252 66.646 5 3 5 6 1
106.006 145.478 330.372 6 3 5 44 1
106.006 145.478 330.372 7 3 5 44 1
198.192 53.349 181.353 1 4 5 66 1
67.122 113.361 60.748 2 4 5 91 1
67.122 113.361 60.748 3 4 5 91 1
95.021 85.252 66.646 4 4 5 6 1
106.006 145.478 330.372 5 4 5 44 1
106.006 145.478 330.372 6 4 5 44 1
106.006 145.478 330.372 7 4 5 44 1
198.192 53.349 181.353 1 5 5 66 1
29.209 143.954 152.878 2 5 5 79 1
29.209 143.954 152.878 3 5 5 79 1
329.484 81.35899999999999 3.763 4 5 5 126 1
329.484 81.35899999999999 3.763 5 5 5 126 1
98.004 60.385 230.438 6 5 5 118 1
156.835 125.551 14.417 7 5 5 3 1
220.467 100.749 106.845 1 6 5 41 1
102.873 89.98099999999999 266.722 2 6 5 112 1
102.873 89.98099999999999 266.722 3 6 5 112 1
102.873 89.98099999999999 266.722 4 6 5 112 1
329.484 81.35899999999999 3.763 5 6 5 126 1
121.587 84.84399999999999 34.702 6 6 5 72 1
156.835 125.551 14.417 7 6 5 3 1
134.284 95.009 177.574 1 7 5 109 1
23.069 137.653 351.666 2 7 5 73 1
23.069 137.653 351.666 3 7 5 73 1
258.972 108.843 123.412 4 7 5 90 1
67.27200000000001 85.67 262.525 5 7 5 94 1
121.587 84.84399999999999 34.702 6 7 5 72 1
269.491 55.192 61.754 7 7 5 125 1
29.397 114.511 174.547 1 1 6 95 1
29.397 114.511 174.547 2 1 6 95 1
29.397 114.511 174.547 3 1 6 95 1
134.199 49.277 345.983 4 1 6 104 1
347.491 145.115 286.647 5 1 6 49 1
347.491 145.115 286.647 6 1 6 49 1
72.754 111.725 340.529 7 1 6 59 1
112.668 166.901 181.852 1 2 6 16 1
48.438 127.958 68.346 2 2 6 136 1
48.438 127.958 68.346 3 2 6 136 1
40.692 120.28 134.149 4 2 6 20 1
347.491 145.115 286.647 5 2 6 49 1
136.657 123.513 339.984 6 2 6 22 1
136.657 123.513 339.984 7 2 6 22 1
138.525 49.477 89.244 1 3 6 1 1
48.438 127.958 68.346 2 3 6 136 1
352.315 124.597 181.919 3 3 6 27 1
95.021 85.252 66.646 4 3 6 6 1
323.77 95.286 175.634 5 3 6 92 1
136.657 123.513 339.984 6 3 6 22 1
136.657 123.513 339.984 7 3 6 22 1
198.192 53.349 181.353 1 4 6 66 1
67.122 113.361 60.748 2 4 6 91 1
29.209 143.954 152.878 3 4 6 79 1
95.021 85.252 66.646 4 4 6 6 1
35.704 41.797 173.538 5 4 6 60 1
35.704 41.797 173.538 6 4 6 60 1
35.704 41.797 173.538 7 4 6 60 1
29.209 143.954 152.878 1 5 6 79 1
29.209 143.954 152.878 2 5 6 79 1
29.209 143.954 152.878 3 5 6 79 1
29.209 143.954 152.878 4 5 6 79 1
48.489 95.857 18.926 5 5 6 131 1
48.489 95.857 18.926 6 5 6 131 1
353.159 33.093 142.036 7 5 6 47 1
29.209 143.954 152.878 1 6 6 79 1
29.209 143.954 152.878 2 6 6 79 1
29.209 143.954 152.878 3 6 6 79 1
29.209 143.954 152.878 4 6 6 79 1
329.484 81.35899999999999 3.763 5 6 6 126 1
193.862 61.588 350.967 6 6 6 71 1
353.159 33.093 142.036 7 6 6 47 1
134.284 95.009 177.574 1 7 6 109 1
23.069 137.653 351.666 2 7 6 73 1
45.392 55.326 344.977 3 7 6 62 1
45.392 55.326 344.977 4 7 6 62 1
103.853 31.602 272.954 5 7 6 115 1
55.238 72.069 280.124 6 7 6 117 1
353.159 33.093 142.036 7 7 6 47 1
29.397 114.511 174.547 1 1 7 95 1
29.397 114.511 174.547 2 1 7 95 1
14.973 119.963 60.945 3 1 7 55 1
332.367 25.049 289.051 4 1 7 121 1
347.491 145.115 286.647 5 1 7 49 1
27.004 68.86 346.391 6 1 7 78 1
301.94 102.718 326.1 7 1 7 51 1
214.547 132.097 339.78 1 2 7 124 1
214.547 132.097 339.78 2 2 7 124 1
14.973 119.963 60.945 3 2 7 55 1
40.692 120.28 134.149 4 2 7 20 1
255.904 88.27200000000001 56.119 5 2 7 143 1
255.904 88.27200000000001 56.119 6 2 7 143 1
136.657 123.513 339.984 7 2 7 22 1
214.547 132.097 339.78 1 3 7 124 1
352.315 124.597 181.919 2 3 7 27 1
352.315 124.597 181.919 3 3 7 27 1
352.315 124.597 181.919 4 3 7 27 1
323.77 95.286 175.634 5 3 7 92 1
323.77 95.286 175.634 6 3 7 92 1
323.77 95.286 175.634 7 3 7 92 1
198.192 53.349 181.353 1 4 7 66 1
67.122 113.361 60.748 2 4 7 91 1
80.584 67.937 162.685 3 4 7 134 1
15.406 63.742 296.384 4 4 7 88 1
323.77 95.286 175.634 5 4 7 92 1
35.704 41.797 173.538 6 4 7 60 1
104.108 54.344 220.319 7 4 7 116 1
29.209 143.954 152.878 1 5 7 79 1
29.209 143.954 152.878 2 5 7 79 1
80.584 67.937 162.685 3 5 7 134 1
80.584 67.937 162.685 4 5 7 134 1
48.489 95.857 18.926 5 5 7 131 1
48.489 95.857 18.926 6 5 7 131 1
104.108 54.344 220.319 7 5 7 116 1
29.209 143.954 152.878 1 6 7 79 1
29.209 143.954 152.878 2 6 7 79 1
209.969 79.02500000000001 275.824 3 6 7 111 1
209.969 79.02500000000001 275.824 4 6 7 111 1
54.753 117.437 123.927 5 6 7 64 1
55.238 72.069 280.124 6 6 7 117 1
55.238 72.069 280.124 7 6 7 117 1
10.51 21.969 244.693 1 7 7 31 1
10.51 21.969 244.693 2 7 7 31 1
45.392 55.326 344.977 3 7 7 62 1
103.853 31.602 272.954 4 7 7 115 1
103.853 31.602 272.954 5 7 7 115 1
55.238 72.069 280.124 6 7 7 117 1
55.238 72.069 280.124 7 7 7 117 1
