This is the 1st description line of the EnSight Gold geometry example
This is the 2nd description line of the EnSight Gold geometry example
node id assign
element id assign
part
         1
Mesh
coordinates
        36
 0.00000e+00
 1.00000e+00
 2.00000e+00
 3.00000e+00
 4.00000e+00
 5.00000e+00
 6.00000e+00
 7.00000e+00
 8.00000e+00
 0.00000e+00
 1.00000e+00
 2.00000e+00
 3.00000e+00
 4.00000e+00
 5.00000e+00
 6.00000e+00
 7.00000e+00
 8.00000e+00
 0.00000e+00
 1.00000e+00
 2.00000e+00
 3.00000e+00
 4.00000e+00
 5.00000e+00
 6.00000e+00
 7.00000e+00
 8.00000e+00
 0.00000e+00
 1.00000e+00
 2.00000e+00
 3.00000e+00
 4.00000e+00
 5.00000e+00
 6.00000e+00
 7.00000e+00
 8.00000e+00
 0.00000e+00
 0.00000e+00
 0.00000e+00
 0.00000e+00
 0.00000e+00
 0.00000e+00
 0.00000e+00
 0.00000e+00
 0.00000e+00
 1.00000e+00
 1.00000e+00
 1.00000e+00
 1.00000e+00
 1.00000e+00
 1.00000e+00
 1.00000e+00
 1.00000e+00
 1.00000e+00
 0.00000e+00
 0.00000e+00
 0.00000e+00
 0.00000e+00
 0.00000e+00
 0.00000e+00
 0.00000e+00
 0.00000e+00
 0.00000e+00
 1.00000e+00
 1.00000e+00
 1.00000e+00
 1.00000e+00
 1.00000e+00
 1.00000e+00
 1.00000e+00
 1.00000e+00
 1.00000e+00
 0.00000e+00
 0.00000e+00
 0.00000e+00
 0.00000e+00
 0.00000e+00
 0.00000e+00
 0.00000e+00
 0.00000e+00
 0.00000e+00
 0.00000e+00
 0.00000e+00
 0.00000e+00
 0.00000e+00
 0.00000e+00
 0.00000e+00
 0.00000e+00
 0.00000e+00
 0.00000e+00
 1.00000e+00
 1.00000e+00
 1.00000e+00
 1.00000e+00
 1.00000e+00
 1.00000e+00
 1.00000e+00
 1.00000e+00
 1.00000e+00
 1.00000e+00
 1.00000e+00
 1.00000e+00
 1.00000e+00
 1.00000e+00
 1.00000e+00
 1.00000e+00
 1.00000e+00
 1.00000e+00
hexa8
         8
         1         2        11        10        19        20        29        28
         2         3        12        11        20        21        30        29
         3         4        13        12        21        22        31        30
         4         5        14        13        22        23        32        31
         5         6        15        14        23        24        33        32
         6         7        16        15        24        25        34        33
         7         8        17        16        25        26        35        34
         8         9        18        17        26        27        36        35
