312.720 87.788 346.942 1 1 1 130 1
146.683 99.237 203.103 2 1 1 4 1
146.683 99.237 203.103 3 1 1 4 1
199.628 46.583 75.960 4 1 1 32 1
105.214 115.128 93.857 5 1 1 80 1
254.872 119.374 196.099 6 1 1 36 1
65.501 110.933 158.797 7 1 1 39 1
153.226 45.817 143.925 8 1 1 11 1
312.720 87.788 346.942 1 2 1 130 1
265.452 93.241 283.793 2 2 1 119 1
206.522 127.100 100.021 3 2 1 141 1
322.767 52.745 74.162 4 2 1 139 1
254.872 119.374 196.099 5 2 1 36 1
254.872 119.374 196.099 6 2 1 36 1
65.501 110.933 158.797 7 2 1 39 1
153.226 45.817 143.925 8 2 1 11 1
170.963 39.476 255.377 1 3 1 46 1
170.963 39.476 255.377 2 3 1 46 1
170.963 39.476 255.377 3 3 1 46 1
322.767 52.745 74.162 4 3 1 139 1
254.872 119.374 196.099 5 3 1 36 1
254.872 119.374 196.099 6 3 1 36 1
213.634 99.737 26.518 7 3 1 75 1
153.226 45.817 143.925 8 3 1 11 1
295.094 82.620 181.921 1 4 1 100 1
170.963 39.476 255.377 2 4 1 46 1
170.963 39.476 255.377 3 4 1 46 1
141.384 55.415 220.022 4 4 1 138 1
141.384 55.415 220.022 5 4 1 138 1
213.634 99.737 26.518 6 4 1 75 1
213.634 99.737 26.518 7 4 1 75 1
213.634 99.737 26.518 8 4 1 75 1
295.094 82.620 181.921 1 5 1 100 1
295.094 82.620 181.921 2 5 1 100 1
295.094 82.620 181.921 3 5 1 100 1
94.577 94.140 221.169 4 5 1 132 1
232.069 152.466 6.283 5 5 1 68 1
232.069 152.466 6.283 6 5 1 68 1
213.634 99.737 26.518 7 5 1 75 1
92.017 96.331 17.468 8 5 1 113 1
94.742 23.545 100.077 1 6 1 24 1
295.094 82.620 181.921 2 6 1 100 1
295.094 82.620 181.921 3 6 1 100 1
63.260 62.443 261.831 4 6 1 105 1
63.260 62.443 261.831 5 6 1 105 1
232.069 152.466 6.283 6 6 1 68 1
58.962 64.466 244.777 7 6 1 61 1
92.017 96.331 17.468 8 6 1 113 1
94.742 23.545 100.077 1 7 1 24 1
14.630 86.376 286.180 2 7 1 34 1
14.630 86.376 286.180 3 7 1 34 1
63.260 62.443 261.831 4 7 1 105 1
23.578 55.851 289.287 5 7 1 52 1
23.578 55.851 289.287 6 7 1 52 1
58.962 64.466 244.777 7 7 1 61 1
299.998 45.331 215.284 8 7 1 35 1
225.757 153.534 216.492 1 8 1 14 1
146.683 99.237 203.103 2 8 1 4 1
146.683 99.237 203.103 3 8 1 4 1
245.654 32.513 284.177 4 8 1 42 1
245.654 32.513 284.177 5 8 1 42 1
168.447 99.528 346.220 6 8 1 127 1
65.501 110.933 158.797 7 8 1 39 1
124.138 67.265 306.370 8 8 1 17 1
142.905 141.432 284.117 1 1 2 101 1
146.683 99.237 203.103 2 1 2 4 1
146.683 99.237 203.103 3 1 2 4 1
322.767 52.745 74.162 4 1 2 139 1
231.199 73.892 279.132 5 1 2 89 1
254.872 119.374 196.099 6 1 2 36 1
65.501 110.933 158.797 7 1 2 39 1
200.835 140.534 98.571 8 1 2 65 1
142.905 141.432 284.117 1 2 2 101 1
28.362 76.399 31.711 2 2 2 7 1
206.522 127.100 100.021 3 2 2 141 1
322.767 52.745 74.162 4 2 2 139 1
322.767 52.745 74.162 5 2 2 139 1
254.872 119.374 196.099 6 2 2 36 1
65.501 110.933 158.797 7 2 2 39 1
153.226 45.817 143.925 8 2 2 11 1
137.257 55.398 128.780 1 3 2 86 1
170.963 39.476 255.377 2 3 2 46 1
170.963 39.476 255.377 3 3 2 46 1
322.767 52.745 74.162 4 3 2 139 1
340.343 24.163 45.140 5 3 2 26 1
354.843 77.716 33.916 6 3 2 135 1
354.843 77.716 33.916 7 3 2 135 1
174.173 66.445 100.257 8 3 2 56 1
295.094 82.620 181.921 1 4 2 100 1
295.094 82.620 181.921 2 4 2 100 1
181.587 98.955 51.613 3 4 2 102 1
141.384 55.415 220.022 4 4 2 138 1
141.384 55.415 220.022 5 4 2 138 1
213.634 99.737 26.518 6 4 2 75 1
213.634 99.737 26.518 7 4 2 75 1
213.634 99.737 26.518 8 4 2 75 1
295.094 82.620 181.921 1 5 2 100 1
295.094 82.620 181.921 2 5 2 100 1
181.587 98.955 51.613 3 5 2 102 1
94.577 94.140 221.169 4 5 2 132 1
173.201 75.330 275.510 5 5 2 82 1
232.069 152.466 6.283 6 5 2 68 1
62.518 128.846 286.115 7 5 2 84 1
287.534 115.964 53.780 8 5 2 106 1
295.094 82.620 181.921 1 6 2 100 1
14.630 86.376 286.180 2 6 2 34 1
181.587 98.955 51.613 3 6 2 102 1
63.260 62.443 261.831 4 6 2 105 1
232.069 152.466 6.283 5 6 2 68 1
232.069 152.466 6.283 6 6 2 68 1
62.518 128.846 286.115 7 6 2 84 1
92.017 96.331 17.468 8 6 2 113 1
295.094 82.620 181.921 1 7 2 100 1
14.630 86.376 286.180 2 7 2 34 1
14.630 86.376 286.180 3 7 2 34 1
63.260 62.443 261.831 4 7 2 105 1
23.578 55.851 289.287 5 7 2 52 1
23.578 55.851 289.287 6 7 2 52 1
62.518 128.846 286.115 7 7 2 84 1
21.652 128.502 64.343 8 7 2 30 1
329.361 131.433 167.429 1 8 2 8 1
146.683 99.237 203.103 2 8 2 4 1
146.683 99.237 203.103 3 8 2 4 1
245.654 32.513 284.177 4 8 2 42 1
273.151 140.456 112.679 5 8 2 120 1
168.447 99.528 346.220 6 8 2 127 1
65.501 110.933 158.797 7 8 2 39 1
21.652 128.502 64.343 8 8 2 30 1
142.905 141.432 284.117 1 1 3 101 1
146.683 99.237 203.103 2 1 3 4 1
146.683 99.237 203.103 3 1 3 4 1
322.767 52.745 74.162 4 1 3 139 1
231.199 73.892 279.132 5 1 3 89 1
222.285 101.905 46.191 6 1 3 9 1
348.208 147.583 96.411 7 1 3 77 1
74.832 48.925 139.218 8 1 3 28 1
137.257 55.398 128.780 1 2 3 86 1
28.362 76.399 31.711 2 2 3 7 1
322.767 52.745 74.162 3 2 3 139 1
322.767 52.745 74.162 4 2 3 139 1
322.767 52.745 74.162 5 2 3 139 1
222.285 101.905 46.191 6 2 3 9 1
348.208 147.583 96.411 7 2 3 77 1
74.832 48.925 139.218 8 2 3 28 1
137.257 55.398 128.780 1 3 3 86 1
137.257 55.398 128.780 2 3 3 86 1
322.767 52.745 74.162 3 3 3 139 1
322.767 52.745 74.162 4 3 3 139 1
151.343 127.626 182.897 5 3 3 83 1
354.843 77.716 33.916 6 3 3 135 1
174.173 66.445 100.257 7 3 3 56 1
174.173 66.445 100.257 8 3 3 56 1
198.192 53.349 181.353 1 4 3 66 1
198.192 53.349 181.353 2 4 3 66 1
198.192 53.349 181.353 3 4 3 66 1
249.582 136.152 196.896 4 4 3 45 1
151.343 127.626 182.897 5 4 3 83 1
122.345 99.866 117.260 6 4 3 142 1
213.634 99.737 26.518 7 4 3 75 1
198.192 53.349 181.353 8 4 3 66 1
212.793 85.719 250.844 1 5 3 98 1
26.748 71.671 75.681 2 5 3 123 1
181.587 98.955 51.613 3 5 3 102 1
249.582 136.152 196.896 4 5 3 45 1
173.201 75.330 275.510 5 5 3 82 1
122.345 99.866 117.260 6 5 3 142 1
62.518 128.846 286.115 7 5 3 84 1
287.534 115.964 53.780 8 5 3 106 1
233.740 79.154 158.308 1 6 3 58 1
14.630 86.376 286.180 2 6 3 34 1
181.587 98.955 51.613 3 6 3 102 1
63.260 62.443 261.831 4 6 3 105 1
232.069 152.466 6.283 5 6 3 68 1
16.887 104.254 46.384 6 6 3 85 1
16.887 104.254 46.384 7 6 3 85 1
287.534 115.964 53.780 8 6 3 106 1
295.094 82.620 181.921 1 7 3 100 1
14.630 86.376 286.180 2 7 3 34 1
210.213 102.699 300.705 3 7 3 67 1
210.213 102.699 300.705 4 7 3 67 1
210.213 102.699 300.705 5 7 3 67 1
16.887 104.254 46.384 6 7 3 85 1
16.887 104.254 46.384 7 7 3 85 1
21.652 128.502 64.343 8 7 3 30 1
21.652 128.502 64.343 1 8 3 30 1
157.302 48.220 238.973 2 8 3 114 1
210.213 102.699 300.705 3 8 3 67 1
210.213 102.699 300.705 4 8 3 67 1
273.151 140.456 112.679 5 8 3 120 1
313.833 73.313 193.368 6 8 3 93 1
21.652 128.502 64.343 7 8 3 30 1
21.652 128.502 64.343 8 8 3 30 1
68.180 67.432 193.111 1 1 4 103 1
48.438 127.958 68.346 2 1 4 136 1
48.438 127.958 68.346 3 1 4 136 1
134.199 49.277 345.983 4 1 4 104 1
16.912 81.533 82.651 5 1 4 5 1
222.285 101.905 46.191 6 1 4 9 1
72.754 111.725 340.529 7 1 4 59 1
310.486 58.831 312.442 8 1 4 81 1
68.180 67.432 193.111 1 2 4 103 1
48.438 127.958 68.346 2 2 4 136 1
48.438 127.958 68.346 3 2 4 136 1
322.767 52.745 74.162 4 2 4 139 1
16.912 81.533 82.651 5 2 4 5 1
72.754 111.725 340.529 6 2 4 59 1
72.754 111.725 340.529 7 2 4 59 1
74.832 48.925 139.218 8 2 4 28 1
198.192 53.349 181.353 1 3 4 66 1
67.122 113.361 60.748 2 3 4 91 1
67.122 113.361 60.748 3 3 4 91 1
95.021 85.252 66.646 4 3 4 6 1
151.343 127.626 182.897 5 3 4 83 1
106.006 145.478 330.372 6 3 4 44 1
106.006 145.478 330.372 7 3 4 44 1
174.173 66.445 100.257 8 3 4 56 1
198.192 53.349 181.353 1 4 4 66 1
67.122 113.361 60.748 2 4 4 91 1
67.122 113.361 60.748 3 4 4 91 1
67.122 113.361 60.748 4 4 4 91 1
98.004 60.385 230.438 5 4 4 118 1
98.004 60.385 230.438 6 4 4 118 1
106.006 145.478 330.372 7 4 4 44 1
198.192 53.349 181.353 8 4 4 66 1
198.192 53.349 181.353 1 5 4 66 1
26.748 71.671 75.681 2 5 4 123 1
181.587 98.955 51.613 3 5 4 102 1
249.582 136.152 196.896 4 5 4 45 1
329.484 81.359 3.763 5 5 4 126 1
98.004 60.385 230.438 6 5 4 118 1
62.518 128.846 286.115 7 5 4 84 1
287.534 115.964 53.780 8 5 4 106 1
233.740 79.154 158.308 1 6 4 58 1
102.873 89.981 266.722 2 6 4 112 1
102.873 89.981 266.722 3 6 4 112 1
329.484 81.359 3.763 4 6 4 126 1
329.484 81.359 3.763 5 6 4 126 1
121.587 84.844 34.702 6 6 4 72 1
63.622 109.015 288.631 7 6 4 25 1
287.534 115.964 53.780 8 6 4 106 1
233.740 79.154 158.308 1 7 4 58 1
23.069 137.653 351.666 2 7 4 73 1
23.069 137.653 351.666 3 7 4 73 1
258.972 108.843 123.412 4 7 4 90 1
67.272 85.670 262.525 5 7 4 94 1
121.587 84.844 34.702 6 7 4 72 1
63.622 109.015 288.631 7 7 4 25 1
304.171 122.565 63.335 8 7 4 74 1
297.313 148.936 40.265 1 8 4 54 1
157.302 48.220 238.973 2 8 4 114 1
23.069 137.653 351.666 3 8 4 73 1
258.972 108.843 123.412 4 8 4 90 1
16.912 81.533 82.651 5 8 4 5 1
313.833 73.313 193.368 6 8 4 93 1
278.124 89.393 164.934 7 8 4 33 1
304.171 122.565 63.335 8 8 4 74 1
296.894 49.287 62.078 1 1 5 23 1
29.397 114.511 174.547 2 1 5 95 1
48.438 127.958 68.346 3 1 5 136 1
134.199 49.277 345.983 4 1 5 104 1
134.199 49.277 345.983 5 1 5 104 1
134.199 49.277 345.983 6 1 5 104 1
72.754 111.725 340.529 7 1 5 59 1
181.885 6.669 356.687 8 1 5 50 1
112.668 166.901 181.852 1 2 5 16 1
48.438 127.958 68.346 2 2 5 136 1
48.438 127.958 68.346 3 2 5 136 1
40.692 120.280 134.149 4 2 5 20 1
134.199 49.277 345.983 5 2 5 104 1
72.754 111.725 340.529 6 2 5 59 1
72.754 111.725 340.529 7 2 5 59 1
74.832 48.925 139.218 8 2 5 28 1
138.525 49.477 89.244 1 3 5 1 1
48.438 127.958 68.346 2 3 5 136 1
48.438 127.958 68.346 3 3 5 136 1
95.021 85.252 66.646 4 3 5 6 1
95.021 85.252 66.646 5 3 5 6 1
106.006 145.478 330.372 6 3 5 44 1
106.006 145.478 330.372 7 3 5 44 1
174.173 66.445 100.257 8 3 5 56 1
198.192 53.349 181.353 1 4 5 66 1
67.122 113.361 60.748 2 4 5 91 1
67.122 113.361 60.748 3 4 5 91 1
95.021 85.252 66.646 4 4 5 6 1
106.006 145.478 330.372 5 4 5 44 1
106.006 145.478 330.372 6 4 5 44 1
106.006 145.478 330.372 7 4 5 44 1
119.729 44.833 243.402 8 4 5 12 1
198.192 53.349 181.353 1 5 5 66 1
29.209 143.954 152.878 2 5 5 79 1
29.209 143.954 152.878 3 5 5 79 1
329.484 81.359 3.763 4 5 5 126 1
329.484 81.359 3.763 5 5 5 126 1
98.004 60.385 230.438 6 5 5 118 1
156.835 125.551 14.417 7 5 5 3 1
108.024 22.125 326.705 8 5 5 21 1
220.467 100.749 106.845 1 6 5 41 1
102.873 89.981 266.722 2 6 5 112 1
102.873 89.981 266.722 3 6 5 112 1
102.873 89.981 266.722 4 6 5 112 1
329.484 81.359 3.763 5 6 5 126 1
121.587 84.844 34.702 6 6 5 72 1
156.835 125.551 14.417 7 6 5 3 1
108.024 22.125 326.705 8 6 5 21 1
134.284 95.009 177.574 1 7 5 109 1
23.069 137.653 351.666 2 7 5 73 1
23.069 137.653 351.666 3 7 5 73 1
258.972 108.843 123.412 4 7 5 90 1
67.272 85.670 262.525 5 7 5 94 1
121.587 84.844 34.702 6 7 5 72 1
269.491 55.192 61.754 7 7 5 125 1
134.284 95.009 177.574 8 7 5 109 1
297.313 148.936 40.265 1 8 5 54 1
295.787 119.507 247.450 2 8 5 57 1
23.069 137.653 351.666 3 8 5 73 1
258.972 108.843 123.412 4 8 5 90 1
325.392 52.987 82.572 5 8 5 2 1
118.674 133.426 253.010 6 8 5 13 1
118.674 133.426 253.010 7 8 5 13 1
188.970 99.997 137.119 8 8 5 48 1
29.397 114.511 174.547 1 1 6 95 1
29.397 114.511 174.547 2 1 6 95 1
29.397 114.511 174.547 3 1 6 95 1
134.199 49.277 345.983 4 1 6 104 1
347.491 145.115 286.647 5 1 6 49 1
347.491 145.115 286.647 6 1 6 49 1
72.754 111.725 340.529 7 1 6 59 1
172.055 79.383 33.869 8 1 6 140 1
112.668 166.901 181.852 1 2 6 16 1
48.438 127.958 68.346 2 2 6 136 1
48.438 127.958 68.346 3 2 6 136 1
40.692 120.280 134.149 4 2 6 20 1
347.491 145.115 286.647 5 2 6 49 1
136.657 123.513 339.984 6 2 6 22 1
136.657 123.513 339.984 7 2 6 22 1
172.055 79.383 33.869 8 2 6 140 1
138.525 49.477 89.244 1 3 6 1 1
48.438 127.958 68.346 2 3 6 136 1
352.315 124.597 181.919 3 3 6 27 1
95.021 85.252 66.646 4 3 6 6 1
323.770 95.286 175.634 5 3 6 92 1
136.657 123.513 339.984 6 3 6 22 1
136.657 123.513 339.984 7 3 6 22 1
174.173 66.445 100.257 8 3 6 56 1
198.192 53.349 181.353 1 4 6 66 1
67.122 113.361 60.748 2 4 6 91 1
29.209 143.954 152.878 3 4 6 79 1
95.021 85.252 66.646 4 4 6 6 1
35.704 41.797 173.538 5 4 6 60 1
35.704 41.797 173.538 6 4 6 60 1
35.704 41.797 173.538 7 4 6 60 1
119.729 44.833 243.402 8 4 6 12 1
29.209 143.954 152.878 1 5 6 79 1
29.209 143.954 152.878 2 5 6 79 1
29.209 143.954 152.878 3 5 6 79 1
29.209 143.954 152.878 4 5 6 79 1
48.489 95.857 18.926 5 5 6 131 1
48.489 95.857 18.926 6 5 6 131 1
353.159 33.093 142.036 7 5 6 47 1
353.159 33.093 142.036 8 5 6 47 1
29.209 143.954 152.878 1 6 6 79 1
29.209 143.954 152.878 2 6 6 79 1
29.209 143.954 152.878 3 6 6 79 1
29.209 143.954 152.878 4 6 6 79 1
329.484 81.359 3.763 5 6 6 126 1
193.862 61.588 350.967 6 6 6 71 1
353.159 33.093 142.036 7 6 6 47 1
353.159 33.093 142.036 8 6 6 47 1
134.284 95.009 177.574 1 7 6 109 1
23.069 137.653 351.666 2 7 6 73 1
45.392 55.326 344.977 3 7 6 62 1
45.392 55.326 344.977 4 7 6 62 1
103.853 31.602 272.954 5 7 6 115 1
55.238 72.069 280.124 6 7 6 117 1
353.159 33.093 142.036 7 7 6 47 1
158.409 77.269 113.849 8 7 6 43 1
29.397 114.511 174.547 1 8 6 95 1
29.397 114.511 174.547 2 8 6 95 1
124.955 115.598 280.383 3 8 6 29 1
124.955 115.598 280.383 4 8 6 29 1
219.950 49.522 271.572 5 8 6 63 1
347.491 145.115 286.647 6 8 6 49 1
87.179 60.221 89.869 7 8 6 70 1
87.179 60.221 89.869 8 8 6 70 1
29.397 114.511 174.547 1 1 7 95 1
29.397 114.511 174.547 2 1 7 95 1
14.973 119.963 60.945 3 1 7 55 1
332.367 25.049 289.051 4 1 7 121 1
347.491 145.115 286.647 5 1 7 49 1
27.004 68.860 346.391 6 1 7 78 1
301.940 102.718 326.100 7 1 7 51 1
214.547 132.097 339.780 8 1 7 124 1
214.547 132.097 339.780 1 2 7 124 1
214.547 132.097 339.780 2 2 7 124 1
14.973 119.963 60.945 3 2 7 55 1
40.692 120.280 134.149 4 2 7 20 1
255.904 88.272 56.119 5 2 7 143 1
255.904 88.272 56.119 6 2 7 143 1
136.657 123.513 339.984 7 2 7 22 1
214.547 132.097 339.780 8 2 7 124 1
214.547 132.097 339.780 1 3 7 124 1
352.315 124.597 181.919 2 3 7 27 1
352.315 124.597 181.919 3 3 7 27 1
352.315 124.597 181.919 4 3 7 27 1
323.770 95.286 175.634 5 3 7 92 1
323.770 95.286 175.634 6 3 7 92 1
323.770 95.286 175.634 7 3 7 92 1
214.547 132.097 339.780 8 3 7 124 1
198.192 53.349 181.353 1 4 7 66 1
67.122 113.361 60.748 2 4 7 91 1
80.584 67.937 162.685 3 4 7 134 1
15.406 63.742 296.384 4 4 7 88 1
323.770 95.286 175.634 5 4 7 92 1
35.704 41.797 173.538 6 4 7 60 1
104.108 54.344 220.319 7 4 7 116 1
183.865 42.499 218.493 8 4 7 15 1
29.209 143.954 152.878 1 5 7 79 1
29.209 143.954 152.878 2 5 7 79 1
80.584 67.937 162.685 3 5 7 134 1
80.584 67.937 162.685 4 5 7 134 1
48.489 95.857 18.926 5 5 7 131 1
48.489 95.857 18.926 6 5 7 131 1
104.108 54.344 220.319 7 5 7 116 1
104.108 54.344 220.319 8 5 7 116 1
29.209 143.954 152.878 1 6 7 79 1
29.209 143.954 152.878 2 6 7 79 1
209.969 79.025 275.824 3 6 7 111 1
209.969 79.025 275.824 4 6 7 111 1
54.753 117.437 123.927 5 6 7 64 1
55.238 72.069 280.124 6 6 7 117 1
55.238 72.069 280.124 7 6 7 117 1
353.159 33.093 142.036 8 6 7 47 1
10.510 21.969 244.693 1 7 7 31 1
10.510 21.969 244.693 2 7 7 31 1
45.392 55.326 344.977 3 7 7 62 1
103.853 31.602 272.954 4 7 7 115 1
103.853 31.602 272.954 5 7 7 115 1
55.238 72.069 280.124 6 7 7 117 1
55.238 72.069 280.124 7 7 7 117 1
150.909 153.111 84.661 8 7 7 76 1
29.397 114.511 174.547 1 8 7 95 1
29.397 114.511 174.547 2 8 7 95 1
124.955 115.598 280.383 3 8 7 29 1
223.291 120.621 323.849 4 8 7 128 1
223.291 120.621 323.849 5 8 7 128 1
250.886 62.697 138.382 6 8 7 38 1
87.179 60.221 89.869 7 8 7 70 1
73.240 118.860 277.676 8 8 7 110 1
312.720 87.788 346.942 1 1 8 130 1
25.477 93.746 347.491 2 1 8 96 1
206.522 127.100 100.021 3 1 8 141 1
332.367 25.049 289.051 4 1 8 121 1
254.872 119.374 196.099 5 1 8 36 1
258.697 17.276 115.146 6 1 8 97 1
301.940 102.718 326.100 7 1 8 51 1
312.720 87.788 346.942 8 1 8 130 1
55.694 84.368 178.942 1 2 8 18 1
206.522 127.100 100.021 2 2 8 141 1
206.522 127.100 100.021 3 2 8 141 1
332.367 25.049 289.051 4 2 8 121 1
254.872 119.374 196.099 5 2 8 36 1
254.872 119.374 196.099 6 2 8 36 1
258.697 17.276 115.146 7 2 8 97 1
193.727 21.293 253.245 8 2 8 53 1
55.694 84.368 178.942 1 3 8 18 1
55.694 84.368 178.942 2 3 8 18 1
170.963 39.476 255.377 3 3 8 46 1
170.963 39.476 255.377 4 3 8 46 1
323.770 95.286 175.634 5 3 8 92 1
312.413 57.630 344.392 6 3 8 108 1
258.697 17.276 115.146 7 3 8 97 1
192.411 92.043 122.737 8 3 8 19 1
55.694 84.368 178.942 1 4 8 18 1
55.694 84.368 178.942 2 4 8 18 1
80.584 67.937 162.685 3 4 8 134 1
15.406 63.742 296.384 4 4 8 88 1
15.406 63.742 296.384 5 4 8 88 1
213.634 99.737 26.518 6 4 8 75 1
213.634 99.737 26.518 7 4 8 75 1
104.108 54.344 220.319 8 4 8 116 1
48.031 110.968 41.307 1 5 8 133 1
48.031 110.968 41.307 2 5 8 133 1
200.370 69.266 10.183 3 5 8 10 1
155.949 76.119 81.226 4 5 8 129 1
279.120 37.893 171.314 5 5 8 137 1
359.797 76.961 311.714 6 5 8 87 1
213.634 99.737 26.518 7 5 8 75 1
48.031 110.968 41.307 8 5 8 133 1
94.742 23.545 100.077 1 6 8 24 1
210.036 43.022 263.368 2 6 8 40 1
209.969 79.025 275.824 3 6 8 111 1
63.260 62.443 261.831 4 6 8 105 1
279.120 37.893 171.314 5 6 8 137 1
16.311 93.841 22.186 6 6 8 69 1
207.390 66.243 98.145 7 6 8 37 1
92.017 96.331 17.468 8 6 8 113 1
94.742 23.545 100.077 1 7 8 24 1
10.510 21.969 244.693 2 7 8 31 1
209.969 79.025 275.824 3 7 8 111 1
57.863 106.118 276.288 4 7 8 122 1
63.260 62.443 261.831 5 7 8 105 1
55.238 72.069 280.124 6 7 8 117 1
150.909 153.111 84.661 7 7 8 76 1
150.909 153.111 84.661 8 7 8 76 1
21.129 99.581 47.774 1 8 8 99 1
21.129 99.581 47.774 2 8 8 99 1
332.367 25.049 289.051 3 8 8 121 1
332.367 25.049 289.051 4 8 8 121 1
5.736 63.553 356.210 5 8 8 107 1
250.886 62.697 138.382 6 8 8 38 1
301.940 102.718 326.100 7 8 8 51 1
312.720 87.788 346.942 8 8 8 130 1
