348.012 73.044 193.011 1 1 1 58 1
270.052 122.349 313.718 2 1 1 55 1
270.052 122.349 313.718 3 1 1 55 1
253.677 36.781 313.072 4 1 1 37 1
253.677 36.781 313.072 5 1 1 37 1
205.291 69.608 290.853 6 1 1 31 1
348.012 73.044 193.011 7 1 1 58 1
348.012 73.044 193.011 8 1 1 58 1
348.012 73.044 193.011 1 2 1 58 1
270.052 122.349 313.718 2 2 1 55 1
270.052 122.349 313.718 3 2 1 55 1
299.167 108.751 246.329 4 2 1 23 1
198.604 109.266 79.730 5 2 1 28 1
198.604 109.266 79.730 6 2 1 28 1
348.012 73.044 193.011 7 2 1 58 1
348.012 73.044 193.011 8 2 1 58 1
348.012 73.044 193.011 1 3 1 58 1
270.052 122.349 313.718 2 3 1 55 1
270.052 122.349 313.718 3 3 1 55 1
222.293 94.955 42.536 4 3 1 25 1
164.775 119.765 74.062 5 3 1 32 1
164.775 119.765 74.062 6 3 1 32 1
348.012 73.044 193.011 7 3 1 58 1
348.012 73.044 193.011 8 3 1 58 1
334.784 78.534 207.570 1 4 1 6 1
334.784 78.534 207.570 2 4 1 6 1
334.784 78.534 207.570 3 4 1 6 1
222.293 94.955 42.536 4 4 1 25 1
164.775 119.765 74.062 5 4 1 32 1
164.775 119.765 74.062 6 4 1 32 1
164.775 119.765 74.062 7 4 1 32 1
355.890 149.138 250.156 8 4 1 44 1
334.784 78.534 207.570 1 5 1 6 1
334.784 78.534 207.570 2 5 1 6 1
86.823 128.659 280.146 3 5 1 11 1
86.823 128.659 280.146 4 5 1 11 1
86.823 128.659 280.146 5 5 1 11 1
164.775 119.765 74.062 6 5 1 32 1
164.775 119.765 74.062 7 5 1 32 1
355.890 149.138 250.156 8 5 1 44 1
214.317 105.916 28.092 1 6 1 48 1
214.317 105.916 28.092 2 6 1 48 1
86.823 128.659 280.146 3 6 1 11 1
86.823 128.659 280.146 4 6 1 11 1
86.823 128.659 280.146 5 6 1 11 1
86.823 128.659 280.146 6 6 1 11 1
332.580 141.316 249.905 7 6 1 18 1
332.580 141.316 249.905 8 6 1 18 1
214.317 105.916 28.092 1 7 1 48 1
214.317 105.916 28.092 2 7 1 48 1
86.823 128.659 280.146 3 7 1 11 1
86.823 128.659 280.146 4 7 1 11 1
295.851 24.520 34.059 5 7 1 50 1
295.851 24.520 34.059 6 7 1 50 1
332.580 141.316 249.905 7 7 1 18 1
332.580 141.316 249.905 8 7 1 18 1
322.606 77.524 255.061 1 8 1 15 1
322.606 77.524 255.061 2 8 1 15 1
322.606 77.524 255.061 3 8 1 15 1
186.454 103.535 306.997 4 8 1 51 1
295.851 24.520 34.059 5 8 1 50 1
295.851 24.520 34.059 6 8 1 50 1
332.580 141.316 249.905 7 8 1 18 1
332.580 141.316 249.905 8 8 1 18 1
127.923 56.153 324.387 1 1 2 26 1
4.843 64.393 218.640 2 1 2 45 1
4.843 64.393 218.640 3 1 2 45 1
253.677 36.781 313.072 4 1 2 37 1
253.677 36.781 313.072 5 1 2 37 1
205.291 69.608 290.853 6 1 2 31 1
348.012 73.044 193.011 7 1 2 58 1
348.012 73.044 193.011 8 1 2 58 1
348.012 73.044 193.011 1 2 2 58 1
129.793 154.316 148.317 2 2 2 2 1
4.843 64.393 218.640 3 2 2 45 1
299.167 108.751 246.329 4 2 2 23 1
198.604 109.266 79.730 5 2 2 28 1
198.604 109.266 79.730 6 2 2 28 1
348.012 73.044 193.011 7 2 2 58 1
224.084 120.751 308.201 8 2 2 21 1
348.012 73.044 193.011 1 3 2 58 1
4.843 64.393 218.640 2 3 2 45 1
4.843 64.393 218.640 3 3 2 45 1
198.604 109.266 79.730 4 3 2 28 1
198.604 109.266 79.730 5 3 2 28 1
164.775 119.765 74.062 6 3 2 32 1
348.012 73.044 193.011 7 3 2 58 1
348.012 73.044 193.011 8 3 2 58 1
355.890 149.138 250.156 1 4 2 44 1
334.784 78.534 207.570 2 4 2 6 1
296.417 114.710 137.170 3 4 2 3 1
222.293 94.955 42.536 4 4 2 25 1
164.775 119.765 74.062 5 4 2 32 1
143.689 22.063 147.803 6 4 2 20 1
164.775 119.765 74.062 7 4 2 32 1
355.890 149.138 250.156 8 4 2 44 1
355.890 149.138 250.156 1 5 2 44 1
296.417 114.710 137.170 2 5 2 3 1
296.417 114.710 137.170 3 5 2 3 1
86.823 128.659 280.146 4 5 2 11 1
86.823 128.659 280.146 5 5 2 11 1
164.775 119.765 74.062 6 5 2 32 1
164.775 119.765 74.062 7 5 2 32 1
355.890 149.138 250.156 8 5 2 44 1
334.207 97.263 144.031 1 6 2 17 1
334.207 97.263 144.031 2 6 2 17 1
296.417 114.710 137.170 3 6 2 3 1
86.823 128.659 280.146 4 6 2 11 1
86.823 128.659 280.146 5 6 2 11 1
164.775 119.765 74.062 6 6 2 32 1
339.316 38.158 115.697 7 6 2 47 1
339.316 38.158 115.697 8 6 2 47 1
334.207 97.263 144.031 1 7 2 17 1
334.207 97.263 144.031 2 7 2 17 1
86.823 128.659 280.146 3 7 2 11 1
86.823 128.659 280.146 4 7 2 11 1
86.823 128.659 280.146 5 7 2 11 1
86.823 128.659 280.146 6 7 2 11 1
331.066 107.153 324.108 7 7 2 57 1
332.580 141.316 249.905 8 7 2 18 1
127.923 56.153 324.387 1 8 2 26 1
322.606 77.524 255.061 2 8 2 15 1
253.677 36.781 313.072 3 8 2 37 1
253.677 36.781 313.072 4 8 2 37 1
253.677 36.781 313.072 5 8 2 37 1
253.677 36.781 313.072 6 8 2 37 1
127.923 56.153 324.387 7 8 2 26 1
127.923 56.153 324.387 8 8 2 26 1
127.923 56.153 324.387 1 1 3 26 1
136.249 73.317 353.280 2 1 3 16 1
136.249 73.317 353.280 3 1 3 16 1
253.677 36.781 313.072 4 1 3 37 1
205.291 69.608 290.853 5 1 3 31 1
205.291 69.608 290.853 6 1 3 31 1
205.291 69.608 290.853 7 1 3 31 1
127.923 56.153 324.387 8 1 3 26 1
136.249 73.317 353.280 1 2 3 16 1
136.249 73.317 353.280 2 2 3 16 1
136.249 73.317 353.280 3 2 3 16 1
299.167 108.751 246.329 4 2 3 23 1
136.617 112.699 196.869 5 2 3 5 1
136.617 112.699 196.869 6 2 3 5 1
348.012 73.044 193.011 7 2 3 58 1
348.012 73.044 193.011 8 2 3 58 1
136.249 73.317 353.280 1 3 3 16 1
136.249 73.317 353.280 2 3 3 16 1
136.249 73.317 353.280 3 3 3 16 1
198.604 109.266 79.730 4 3 3 28 1
136.617 112.699 196.869 5 3 3 5 1
164.775 119.765 74.062 6 3 3 32 1
204.153 34.298 301.695 7 3 3 46 1
204.153 34.298 301.695 8 3 3 46 1
204.153 34.298 301.695 1 4 3 46 1
136.249 73.317 353.280 2 4 3 16 1
296.417 114.710 137.170 3 4 3 3 1
86.823 128.659 280.146 4 4 3 11 1
164.775 119.765 74.062 5 4 3 32 1
164.775 119.765 74.062 6 4 3 32 1
204.153 34.298 301.695 7 4 3 46 1
204.153 34.298 301.695 8 4 3 46 1
204.153 34.298 301.695 1 5 3 46 1
296.417 114.710 137.170 2 5 3 3 1
296.417 114.710 137.170 3 5 3 3 1
86.823 128.659 280.146 4 5 3 11 1
86.823 128.659 280.146 5 5 3 11 1
164.775 119.765 74.062 6 5 3 32 1
204.153 34.298 301.695 7 5 3 46 1
204.153 34.298 301.695 8 5 3 46 1
334.207 97.263 144.031 1 6 3 17 1
296.417 114.710 137.170 2 6 3 3 1
296.417 114.710 137.170 3 6 3 3 1
86.823 128.659 280.146 4 6 3 11 1
86.823 128.659 280.146 5 6 3 11 1
86.823 128.659 280.146 6 6 3 11 1
331.066 107.153 324.108 7 6 3 57 1
331.066 107.153 324.108 8 6 3 57 1
127.923 56.153 324.387 1 7 3 26 1
334.207 97.263 144.031 2 7 3 17 1
86.823 128.659 280.146 3 7 3 11 1
86.823 128.659 280.146 4 7 3 11 1
86.823 128.659 280.146 5 7 3 11 1
331.066 107.153 324.108 6 7 3 57 1
331.066 107.153 324.108 7 7 3 57 1
331.066 107.153 324.108 8 7 3 57 1
127.923 56.153 324.387 1 8 3 26 1
322.606 77.524 255.061 2 8 3 15 1
253.677 36.781 313.072 3 8 3 37 1
253.677 36.781 313.072 4 8 3 37 1
253.677 36.781 313.072 5 8 3 37 1
253.677 36.781 313.072 6 8 3 37 1
331.066 107.153 324.108 7 8 3 57 1
127.923 56.153 324.387 8 8 3 26 1
256.606 54.618 57.390 1 1 4 14 1
256.606 54.618 57.390 2 1 4 14 1
136.249 73.317 353.280 3 1 4 16 1
136.249 73.317 353.280 4 1 4 16 1
205.291 69.608 290.853 5 1 4 31 1
205.291 69.608 290.853 6 1 4 31 1
205.291 69.608 290.853 7 1 4 31 1
33.525 158.387 325.804 8 1 4 53 1
136.249 73.317 353.280 1 2 4 16 1
192.736 150.856 259.756 2 2 4 10 1
136.249 73.317 353.280 3 2 4 16 1
136.249 73.317 353.280 4 2 4 16 1
136.617 112.699 196.869 5 2 4 5 1
136.617 112.699 196.869 6 2 4 5 1
33.525 158.387 325.804 7 2 4 53 1
31.823 51.444 211.795 8 2 4 38 1
136.249 73.317 353.280 1 3 4 16 1
136.249 73.317 353.280 2 3 4 16 1
136.249 73.317 353.280 3 3 4 16 1
136.249 73.317 353.280 4 3 4 16 1
136.617 112.699 196.869 5 3 4 5 1
136.617 112.699 196.869 6 3 4 5 1
204.153 34.298 301.695 7 3 4 46 1
204.153 34.298 301.695 8 3 4 46 1
204.153 34.298 301.695 1 4 4 46 1
136.249 73.317 353.280 2 4 4 16 1
136.249 73.317 353.280 3 4 4 16 1
136.249 73.317 353.280 4 4 4 16 1
136.617 112.699 196.869 5 4 4 5 1
164.775 119.765 74.062 6 4 4 32 1
204.153 34.298 301.695 7 4 4 46 1
74.839 65.155 142.510 8 4 4 1 1
204.153 34.298 301.695 1 5 4 46 1
329.783 71.544 342.981 2 5 4 39 1
296.417 114.710 137.170 3 5 4 3 1
86.823 128.659 280.146 4 5 4 11 1
27.466 107.700 34.579 5 5 4 30 1
27.466 107.700 34.579 6 5 4 30 1
204.153 34.298 301.695 7 5 4 46 1
204.153 34.298 301.695 8 5 4 46 1
329.783 71.544 342.981 1 6 4 39 1
329.783 71.544 342.981 2 6 4 39 1
296.417 114.710 137.170 3 6 4 3 1
86.823 128.659 280.146 4 6 4 11 1
27.466 107.700 34.579 5 6 4 30 1
267.927 121.442 61.806 6 6 4 29 1
27.466 107.700 34.579 7 6 4 30 1
331.066 107.153 324.108 8 6 4 57 1
329.783 71.544 342.981 1 7 4 39 1
329.783 71.544 342.981 2 7 4 39 1
329.783 71.544 342.981 3 7 4 39 1
86.823 128.659 280.146 4 7 4 11 1
27.466 107.700 34.579 5 7 4 30 1
27.466 107.700 34.579 6 7 4 30 1
27.466 107.700 34.579 7 7 4 30 1
331.066 107.153 324.108 8 7 4 57 1
256.606 54.618 57.390 1 8 4 14 1
256.606 54.618 57.390 2 8 4 14 1
256.606 54.618 57.390 3 8 4 14 1
253.677 36.781 313.072 4 8 4 37 1
253.677 36.781 313.072 5 8 4 37 1
27.466 107.700 34.579 6 8 4 30 1
15.707 121.828 271.208 7 8 4 34 1
15.707 121.828 271.208 8 8 4 34 1
256.606 54.618 57.390 1 1 5 14 1
256.606 54.618 57.390 2 1 5 14 1
136.249 73.317 353.280 3 1 5 16 1
159.887 72.835 65.281 4 1 5 54 1
159.887 72.835 65.281 5 1 5 54 1
205.291 69.608 290.853 6 1 5 31 1
205.291 69.608 290.853 7 1 5 31 1
33.525 158.387 325.804 8 1 5 53 1
136.249 73.317 353.280 1 2 5 16 1
136.249 73.317 353.280 2 2 5 16 1
136.249 73.317 353.280 3 2 5 16 1
159.887 72.835 65.281 4 2 5 54 1
136.617 112.699 196.869 5 2 5 5 1
136.617 112.699 196.869 6 2 5 5 1
136.617 112.699 196.869 7 2 5 5 1
33.525 158.387 325.804 8 2 5 53 1
136.249 73.317 353.280 1 3 5 16 1
136.249 73.317 353.280 2 3 5 16 1
136.249 73.317 353.280 3 3 5 16 1
159.887 72.835 65.281 4 3 5 54 1
136.617 112.699 196.869 5 3 5 5 1
136.617 112.699 196.869 6 3 5 5 1
204.153 34.298 301.695 7 3 5 46 1
204.153 34.298 301.695 8 3 5 46 1
204.153 34.298 301.695 1 4 5 46 1
136.249 73.317 353.280 2 4 5 16 1
136.249 73.317 353.280 3 4 5 16 1
159.887 72.835 65.281 4 4 5 54 1
136.617 112.699 196.869 5 4 5 5 1
136.617 112.699 196.869 6 4 5 5 1
204.153 34.298 301.695 7 4 5 46 1
204.153 34.298 301.695 8 4 5 46 1
204.153 34.298 301.695 1 5 5 46 1
329.783 71.544 342.981 2 5 5 39 1
329.783 71.544 342.981 3 5 5 39 1
166.535 68.647 123.839 4 5 5 60 1
156.970 116.617 253.122 5 5 5 40 1
156.970 116.617 253.122 6 5 5 40 1
204.153 34.298 301.695 7 5 5 46 1
204.153 34.298 301.695 8 5 5 46 1
329.783 71.544 342.981 1 6 5 39 1
329.783 71.544 342.981 2 6 5 39 1
329.783 71.544 342.981 3 6 5 39 1
166.535 68.647 123.839 4 6 5 60 1
156.970 116.617 253.122 5 6 5 40 1
156.970 116.617 253.122 6 6 5 40 1
156.970 116.617 253.122 7 6 5 40 1
150.837 66.713 200.204 8 6 5 22 1
329.783 71.544 342.981 1 7 5 39 1
329.783 71.544 342.981 2 7 5 39 1
329.783 71.544 342.981 3 7 5 39 1
64.628 52.678 1.351 4 7 5 12 1
156.970 116.617 253.122 5 7 5 40 1
156.970 116.617 253.122 6 7 5 40 1
156.970 116.617 253.122 7 7 5 40 1
150.837 66.713 200.204 8 7 5 22 1
256.606 54.618 57.390 1 8 5 14 1
81.239 138.126 1.798 2 8 5 56 1
64.628 52.678 1.351 3 8 5 12 1
64.628 52.678 1.351 4 8 5 12 1
64.628 52.678 1.351 5 8 5 12 1
156.970 116.617 253.122 6 8 5 40 1
15.707 121.828 271.208 7 8 5 34 1
15.707 121.828 271.208 8 8 5 34 1
256.606 54.618 57.390 1 1 6 14 1
81.239 138.126 1.798 2 1 6 56 1
159.887 72.835 65.281 3 1 6 54 1
159.887 72.835 65.281 4 1 6 54 1
159.887 72.835 65.281 5 1 6 54 1
234.056 89.343 53.607 6 1 6 35 1
327.836 129.437 208.722 7 1 6 24 1
327.836 129.437 208.722 8 1 6 24 1
327.836 129.437 208.722 1 2 6 24 1
136.249 73.317 353.280 2 2 6 16 1
159.887 72.835 65.281 3 2 6 54 1
12.383 18.532 228.635 4 2 6 19 1
159.887 72.835 65.281 5 2 6 54 1
306.081 56.229 260.765 6 2 6 4 1
327.836 129.437 208.722 7 2 6 24 1
327.836 129.437 208.722 8 2 6 24 1
327.836 129.437 208.722 1 3 6 24 1
136.249 73.317 353.280 2 3 6 16 1
159.887 72.835 65.281 3 3 6 54 1
159.887 72.835 65.281 4 3 6 54 1
159.887 72.835 65.281 5 3 6 54 1
234.056 89.343 53.607 6 3 6 35 1
327.836 129.437 208.722 7 3 6 24 1
98.940 153.024 41.542 8 3 6 42 1
204.153 34.298 301.695 1 4 6 46 1
136.249 73.317 353.280 2 4 6 16 1
159.887 72.835 65.281 3 4 6 54 1
159.887 72.835 65.281 4 4 6 54 1
86.919 145.686 31.766 5 4 6 36 1
86.919 145.686 31.766 6 4 6 36 1
204.153 34.298 301.695 7 4 6 46 1
204.153 34.298 301.695 8 4 6 46 1
150.837 66.713 200.204 1 5 6 22 1
329.783 71.544 342.981 2 5 6 39 1
166.535 68.647 123.839 3 5 6 60 1
166.535 68.647 123.839 4 5 6 60 1
156.970 116.617 253.122 5 5 6 40 1
156.970 116.617 253.122 6 5 6 40 1
156.970 116.617 253.122 7 5 6 40 1
150.837 66.713 200.204 8 5 6 22 1
150.837 66.713 200.204 1 6 6 22 1
329.783 71.544 342.981 2 6 6 39 1
166.535 68.647 123.839 3 6 6 60 1
166.535 68.647 123.839 4 6 6 60 1
156.970 116.617 253.122 5 6 6 40 1
60.353 110.486 13.596 6 6 6 27 1
156.970 116.617 253.122 7 6 6 40 1
150.837 66.713 200.204 8 6 6 22 1
150.837 66.713 200.204 1 7 6 22 1
81.239 138.126 1.798 2 7 6 56 1
64.628 52.678 1.351 3 7 6 12 1
64.628 52.678 1.351 4 7 6 12 1
156.970 116.617 253.122 5 7 6 40 1
156.970 116.617 253.122 6 7 6 40 1
156.970 116.617 253.122 7 7 6 40 1
150.837 66.713 200.204 8 7 6 22 1
81.239 138.126 1.798 1 8 6 56 1
81.239 138.126 1.798 2 8 6 56 1
64.628 52.678 1.351 3 8 6 12 1
64.628 52.678 1.351 4 8 6 12 1
64.628 52.678 1.351 5 8 6 12 1
156.970 116.617 253.122 6 8 6 40 1
343.975 112.493 153.130 7 8 6 59 1
15.707 121.828 271.208 8 8 6 34 1
8.476 74.703 44.958 1 1 7 13 1
8.476 74.703 44.958 2 1 7 13 1
159.887 72.835 65.281 3 1 7 54 1
159.887 72.835 65.281 4 1 7 54 1
159.887 72.835 65.281 5 1 7 54 1
234.056 89.343 53.607 6 1 7 35 1
38.535 76.575 43.924 7 1 7 33 1
38.535 76.575 43.924 8 1 7 33 1
327.836 129.437 208.722 1 2 7 24 1
8.476 74.703 44.958 2 2 7 13 1
159.887 72.835 65.281 3 2 7 54 1
159.887 72.835 65.281 4 2 7 54 1
159.887 72.835 65.281 5 2 7 54 1
234.056 89.343 53.607 6 2 7 35 1
38.535 76.575 43.924 7 2 7 33 1
38.535 76.575 43.924 8 2 7 33 1
327.836 129.437 208.722 1 3 7 24 1
8.476 74.703 44.958 2 3 7 13 1
159.887 72.835 65.281 3 3 7 54 1
159.887 72.835 65.281 4 3 7 54 1
159.887 72.835 65.281 5 3 7 54 1
234.056 89.343 53.607 6 3 7 35 1
38.535 76.575 43.924 7 3 7 33 1
38.535 76.575 43.924 8 3 7 33 1
214.317 105.916 28.092 1 4 7 48 1
8.476 74.703 44.958 2 4 7 13 1
222.293 94.955 42.536 3 4 7 25 1
222.293 94.955 42.536 4 4 7 25 1
222.293 94.955 42.536 5 4 7 25 1
86.919 145.686 31.766 6 4 7 36 1
204.153 34.298 301.695 7 4 7 46 1
38.535 76.575 43.924 8 4 7 33 1
214.317 105.916 28.092 1 5 7 48 1
214.317 105.916 28.092 2 5 7 48 1
214.317 105.916 28.092 3 5 7 48 1
222.293 94.955 42.536 4 5 7 25 1
156.970 116.617 253.122 5 5 7 40 1
156.970 116.617 253.122 6 5 7 40 1
156.970 116.617 253.122 7 5 7 40 1
150.837 66.713 200.204 8 5 7 22 1
214.317 105.916 28.092 1 6 7 48 1
214.317 105.916 28.092 2 6 7 48 1
214.317 105.916 28.092 3 6 7 48 1
166.535 68.647 123.839 4 6 7 60 1
156.970 116.617 253.122 5 6 7 40 1
156.970 116.617 253.122 6 6 7 40 1
156.970 116.617 253.122 7 6 7 40 1
150.837 66.713 200.204 8 6 7 22 1
214.317 105.916 28.092 1 7 7 48 1
214.317 105.916 28.092 2 7 7 48 1
214.317 105.916 28.092 3 7 7 48 1
186.454 103.535 306.997 4 7 7 51 1
295.851 24.520 34.059 5 7 7 50 1
156.970 116.617 253.122 6 7 7 40 1
343.975 112.493 153.130 7 7 7 59 1
150.837 66.713 200.204 8 7 7 22 1
81.239 138.126 1.798 1 8 7 56 1
81.239 138.126 1.798 2 8 7 56 1
234.380 28.934 104.920 3 8 7 41 1
186.454 103.535 306.997 4 8 7 51 1
64.628 52.678 1.351 5 8 7 12 1
227.778 126.816 202.519 6 8 7 49 1
343.975 112.493 153.130 7 8 7 59 1
343.975 112.493 153.130 8 8 7 59 1
8.476 74.703 44.958 1 1 8 13 1
8.476 74.703 44.958 2 1 8 13 1
234.380 28.934 104.920 3 1 8 41 1
186.454 103.535 306.997 4 1 8 51 1
186.454 103.535 306.997 5 1 8 51 1
227.778 126.816 202.519 6 1 8 49 1
38.535 76.575 43.924 7 1 8 33 1
38.535 76.575 43.924 8 1 8 33 1
38.535 76.575 43.924 1 2 8 33 1
28.824 115.999 205.464 2 2 8 7 1
8.476 74.703 44.958 3 2 8 13 1
159.887 72.835 65.281 4 2 8 54 1
159.887 72.835 65.281 5 2 8 54 1
234.056 89.343 53.607 6 2 8 35 1
38.535 76.575 43.924 7 2 8 33 1
38.535 76.575 43.924 8 2 8 33 1
38.535 76.575 43.924 1 3 8 33 1
8.476 74.703 44.958 2 3 8 13 1
8.476 74.703 44.958 3 3 8 13 1
222.293 94.955 42.536 4 3 8 25 1
222.293 94.955 42.536 5 3 8 25 1
234.056 89.343 53.607 6 3 8 35 1
38.535 76.575 43.924 7 3 8 33 1
38.535 76.575 43.924 8 3 8 33 1
214.317 105.916 28.092 1 4 8 48 1
8.476 74.703 44.958 2 4 8 13 1
222.293 94.955 42.536 3 4 8 25 1
222.293 94.955 42.536 4 4 8 25 1
222.293 94.955 42.536 5 4 8 25 1
222.293 94.955 42.536 6 4 8 25 1
38.535 76.575 43.924 7 4 8 33 1
38.535 76.575 43.924 8 4 8 33 1
214.317 105.916 28.092 1 5 8 48 1
214.317 105.916 28.092 2 5 8 48 1
222.293 94.955 42.536 3 5 8 25 1
222.293 94.955 42.536 4 5 8 25 1
222.293 94.955 42.536 5 5 8 25 1
214.793 58.221 89.712 6 5 8 52 1
214.793 58.221 89.712 7 5 8 52 1
332.580 141.316 249.905 8 5 8 18 1
214.317 105.916 28.092 1 6 8 48 1
214.317 105.916 28.092 2 6 8 48 1
214.317 105.916 28.092 3 6 8 48 1
222.293 94.955 42.536 4 6 8 25 1
214.793 58.221 89.712 5 6 8 52 1
214.793 58.221 89.712 6 6 8 52 1
214.793 58.221 89.712 7 6 8 52 1
332.580 141.316 249.905 8 6 8 18 1
214.317 105.916 28.092 1 7 8 48 1
214.317 105.916 28.092 2 7 8 48 1
234.380 28.934 104.920 3 7 8 41 1
186.454 103.535 306.997 4 7 8 51 1
295.851 24.520 34.059 5 7 8 50 1
295.851 24.520 34.059 6 7 8 50 1
295.851 24.520 34.059 7 7 8 50 1
332.580 141.316 249.905 8 7 8 18 1
30.144 137.042 25.969 1 8 8 43 1
30.144 137.042 25.969 2 8 8 43 1
234.380 28.934 104.920 3 8 8 41 1
238.908 66.717 128.523 4 8 8 8 1
295.851 24.520 34.059 5 8 8 50 1
309.405 98.469 319.769 6 8 8 9 1
343.975 112.493 153.130 7 8 8 59 1
343.975 112.493 153.130 8 8 8 59 1
